PercentageTypeGateAND,PercentageTypeGateOR,PercentageTypeGateNOT,PercentageTypeGateXOR,PercentageTypeGateXNOR,PercentageTypeGateBUF,PercentageTypeGateNOR,PercentageTypeGateNAND,MaxInputDegree,MinInputDegree,MiddleInputDegree,MaxOutputDegree,MinOutputDegree,MiddleOutputDegree,PercentageMiddleDepth,PercentageMiddleSignVar,isMultiplexer
0,0.315789,0.210526,0,0,0,0,0.473684,3,0,0.578947,0.122449,1,1.5102,0.455782,0.397129,1
0.114286,0,0.0857143,0,0,0,0,0.8,3,0,0.714286,0.173913,1,1.78261,0.369565,0.428571,1
0,0,0.0967742,0,0,0,0,0.903226,3,0,0.774194,0.190476,1,1.92857,0.365079,0.460411,1
0,0,0.0967742,0,0,0,0,0.903226,3,0,0.774194,0.190476,1,1.92857,0.365079,0.460411,1
0,0.333333,0.205128,0,0,0,0,0.461538,4,0,0.589744,0.14,1,1.54,0.44,0.391608,1
0,0.117647,0.0882353,0,0,0,0.0294118,0.764706,4,0,0.705882,0.177778,1,1.8,0.4,0.435829,1
0,0,0.0882353,0,0,0,0.0882353,0.823529,4,0,0.705882,0.177778,1,1.8,0.362963,0.435829,1
0,0.162162,0.243243,0,0,0,0,0.594595,3,0,0.621622,0.104167,1,1.5625,0.444444,0.400491,1
0.0408163,0,0.0748299,0,0,0,0,0.884354,4,0,0.843537,0.173913,1,2.24457,0.407609,0.317889,1
0,0.176101,0.125786,0,0,0,0,0.698113,4,0,0.691824,0.163265,1,1.86224,0.454082,0.305456,1
0.0397727,0,0.142045,0,0,0,0,0.818182,3,0,0.698864,0.150235,1,1.92958,0.446009,0.283323,1
0,0,0.0748299,0,0,0,0.0408163,0.884354,4,0,0.85034,0.173913,1,2.25543,0.403986,0.317889,1
0.0340909,0,0.142045,0,0,0,0.00568182,0.818182,3,0,0.704545,0.150235,1,1.93897,0.444444,0.283323,1
0.0382166,0.127389,0.165605,0,0,0,0,0.66879,4,0,0.713376,0.113402,1,1.92268,0.463918,0.29592,1
0.0338983,0.282486,0.20339,0,0,0,0,0.480226,3,0,0.581921,0.0794393,1,1.6028,0.514019,0.270118,1
0.00617284,0,0.179012,0,0,0,0.135802,0.679012,4,0,0.691358,0.110553,1,1.8794,0.474037,0.303136,1
0,0,0.122699,0,0,0,0.0245399,0.852761,4,0,0.791411,0.16,1,2.145,0.42,0.299287,1
0.0304878,0,0.121951,0,0,0,0,0.847561,3,0,0.658537,0.159204,1,1.78607,0.464345,0.298121,1
0.0192308,0,0.102564,0,0,0,0.0128205,0.865385,4,0,0.801282,0.165803,1,2.16062,0.412781,0.307866,1
0.166667,0,0.264706,0,0,0,0.00490196,0.563725,3,0,0.529412,0.0705394,1,1.49793,0.544952,0.263381,1
0,0.419355,0.193548,0,0,0,0.0107527,0.376344,4,0,0.55914,0.0807175,1,1.54709,0.5142,0.262714,1
0.0382166,0.127389,0.165605,0,0,0,0,0.66879,4,0,0.713376,0.113402,1,1.92268,0.463918,0.29592,1
0.170732,0,0.263415,0,0,0,0,0.565854,3,0,0.531707,0.0702479,1,1.49587,0.545455,0.26236,1
0,0.430108,0.188172,0,0,0,0.00537634,0.376344,3,0,0.569892,0.0852018,1,1.57848,0.511211,0.262424,1
0,0,0.125786,0,0,0,0,0.874214,3,0,0.691824,0.163265,1,1.86224,0.454082,0.305456,1
0.0170455,0,0.142045,0,0,0,0.0227273,0.818182,3,0,0.698864,0.150235,1,1.92958,0.44288,0.283323,1
0,0.165854,0.263415,0,0,0,0.0146341,0.556098,4,0,0.536585,0.0702479,1,1.5124,0.544077,0.247067,1
0,0.42246,0.197861,0,0,0,0.0106952,0.368984,3,0,0.561497,0.0758929,1,1.5625,0.519345,0.26102,1
0,0,0.270531,0,0,0,0.0241546,0.705314,3,0,0.52657,0.0696721,1,1.4877,0.52459,0.260739,1
0.170984,0,0.253886,0,0,0,0,0.57513,4,0,0.564767,0.073913,1,1.58261,0.528986,0.273911,1
0.00632911,0.126582,0.170886,0,0,0,0.0316456,0.664557,4,0,0.708861,0.112821,1,1.91795,0.464957,0.294389,1
0,0,0.142045,0,0,0,0.0397727,0.818182,3,0,0.704545,0.150235,1,1.93897,0.441315,0.283323,1
0.0382166,0,0.101911,0,0,0,0,0.859873,4,0,0.808917,0.164948,1,2.18041,0.412371,0.306249,1
0.0408163,0,0.0748299,0,0,0,0,0.884354,4,0,0.836735,0.173913,1,2.21739,0.414855,0.317889,1
0.0113636,0,0.142045,0,0,0,0.0284091,0.818182,3,0,0.698864,0.150235,1,1.92958,0.444444,0.283323,1
0,0,0.176471,0,0,0,0.147059,0.676471,4,0,0.635294,0.10628,1,1.7343,0.486312,0.2938,1
0.0340909,0,0.142045,0,0,0,0.00568182,0.818182,3,0,0.704545,0.150235,1,1.93897,0.444444,0.283323,1
0,0.199029,0.26699,0,0,0,0.00485437,0.529126,3,0,0.533981,0.0699589,1,1.50617,0.541838,0.246261,1
0.027027,0.362162,0.189189,0,0,0,0.00540541,0.416216,3,0,0.556757,0.0765766,1,1.54054,0.521021,0.263112,1
0,0.127389,0.165605,0,0,0,0.0382166,0.66879,4,0,0.719745,0.113402,1,1.93299,0.460481,0.29592,1
0.00172117,0,0.0395869,0,0,0,0.0567986,0.901893,4,0,0.869191,0.178771,1,2.34916,0.418529,0.259629,1
0,0,0.0294118,0,0,0,0.145511,0.825077,3,0,0.760062,0.163892,1,2.09475,0.429364,0.237908,1
0,0.193642,0.193642,0,0,0,0.0447977,0.567919,4,0,0.611272,0.0785973,1,1.70375,0.51713,0.218808,1
0.105131,0,0.210263,0,0,0,0.00250313,0.682103,3,0,0.540676,0.0695931,1,1.54069,0.528194,0.201548,1
0.0536332,0,0.0380623,0,0,0,0.00346021,0.904844,4,0,0.870242,0.179523,1,2.34923,0.419355,0.260887,1
0,0.0834575,0.217586,0,0,0,0.00298063,0.695976,4,0,0.66617,0.0818859,1,1.84739,0.480976,0.22889,1
0.00262123,0.473132,0.175623,0,0,0,0.00262123,0.346003,3,0,0.551769,0.0723831,1,1.56347,0.538604,0.202262,1
0,0,0.0201863,0,0,0,0.149068,0.830745,4,0,0.782609,0.164313,1,2.15404,0.427043,0.238544,1
0,0.474376,0.173456,0,0,0,0.00394218,0.348226,4,0,0.554533,0.0736607,1,1.57031,0.537574,0.202687,1
0,0.187221,0.219911,0,0,0,0.00297177,0.589896,4,0,0.662704,0.0804455,1,1.83787,0.507426,0.223741,1
0.00276625,0,0.185339,0,0,0,0.125864,0.68603,3,0,0.582296,0.0757576,1,1.6352,0.506604,0.218862,1
0,0.482984,0.175393,0,0,0,0.0013089,0.340314,4,0,0.551047,0.0723026,1,1.56062,0.539488,0.202026,1
0.0536332,0,0.0380623,0,0,0,0.00346021,0.904844,4,0,0.870242,0.179523,1,2.34923,0.419355,0.260887,1
0,0.184799,0.217586,0,0,0,0.00298063,0.594635,4,0,0.66617,0.0818859,1,1.84739,0.505376,0.224386,1
0,0.439678,0.179625,0,0,0,0.00268097,0.378016,4,0,0.569705,0.0737798,1,1.6084,0.534998,0.206226,1
0.0532725,0,0.0395738,0,0,0,0.0928463,0.814307,4,0,0.773212,0.161616,1,2.13763,0.433081,0.23441,1
0,0.18448,0.196193,0,0,0,0.0468521,0.572474,3,0,0.616398,0.0794621,1,1.71638,0.514262,0.221149,1
0.00302572,0,0.202723,0,0,0,0.075643,0.718608,4,0,0.673222,0.0866834,1,1.86307,0.476549,0.235491,1
0.0536332,0,0.0380623,0,0,0,0.00346021,0.904844,4,0,0.870242,0.179523,1,2.34923,0.419355,0.260887,1
0.00130719,0.482353,0.175163,0,0,0,0.00130719,0.339869,3,0,0.551634,0.0722222,1,1.56111,0.53963,0.20182,1
0,0.020339,0.0372881,0,0,0,0.0559322,0.886441,4,0,0.879661,0.176552,1,2.38483,0.416092,0.255982,1
0,0,0.226438,0,0,0,0.166463,0.607099,3,0,0.536108,0.0682773,1,1.53151,0.542367,0.198096,1
0,0.43984,0.180481,0,0,0,0.0040107,0.375668,4,0,0.569519,0.0736127,1,1.60589,0.535296,0.205714,1
0,0.482307,0.174312,0,0,0,0.00131062,0.342071,3,0,0.551769,0.0734967,1,1.56347,0.538976,0.202272,1
0,0,0.201923,0,0,0,0.131868,0.666209,3,0,0.583791,0.0753187,1,1.64195,0.515643,0.217511,1
0,0,0.0397237,0,0,0,0.0552677,0.905009,4,0,0.868739,0.179272,1,2.34734,0.419234,0.260487,1
0,0,0.0378007,0,0,0,0.056701,0.905498,4,0,0.900344,0.178522,1,2.43375,0.413296,0.259196,1
0,0.482984,0.175393,0,0,0,0.0013089,0.340314,3,0,0.552356,0.0723026,1,1.56285,0.538747,0.202026,1
0,0,0.196379,0,0,0,0.133705,0.669916,4,0,0.593315,0.077374,1,1.66589,0.5127,0.220128,1
0.145929,0,0.0414747,0,0,0,0.0015361,0.81106,3,0,0.715822,0.16285,1,1.97583,0.44402,0.236366,1
0.00288184,0.181556,0.193084,0,0,0,0.0504323,0.572046,3,0,0.606628,0.0784077,1,1.6924,0.516687,0.218113,1
0.0536332,0,0.0380623,0,0,0,0.00346021,0.904844,4,0,0.870242,0.179523,1,2.34923,0.419355,0.260887,1
0.00346021,0,0.0380623,0,0,0,0.0536332,0.904844,4,0,0.870242,0.179523,1,2.34923,0.418887,0.260887,1
0,0.0833333,0.217262,0,0,0,0.00297619,0.696429,4,0,0.665179,0.0817844,1,1.84634,0.480793,0.228571,1
0.0992126,0,0.0188976,0,0,0,0.0519685,0.829921,4,0,0.725984,0.166234,1,1.9961,0.436797,0.241598,1
0,0,0.193548,0,0,0,0.0757363,0.730715,4,0,0.605891,0.0766509,1,1.69811,0.500393,0.221765,1
0,0.482984,0.175393,0,0,0,0.0013089,0.340314,3,0,0.551047,0.0723026,1,1.56062,0.539488,0.202026,1
0.0014245,0,0.195157,0,0,0,0.141026,0.662393,4,0,0.619658,0.0776583,1,1.73118,0.506571,0.224301,1
0.0536332,0,0.0380623,0,0,0,0.00346021,0.904844,4,0,0.870242,0.179523,1,2.34923,0.419355,0.260887,1
0,0.482984,0.175393,0,0,0,0.0013089,0.340314,3,0,0.552356,0.0723026,1,1.56507,0.538376,0.202007,1
0,0.482984,0.175393,0,0,0,0.0013089,0.340314,3,0,0.552356,0.0723026,1,1.56507,0.538376,0.202007,1
0,0,0.0187793,0,0,0,0.143975,0.837246,4,0,0.777778,0.165375,1,2.13824,0.425065,0.240271,1
0.141538,0,0.04,0,0,0,0.00615385,0.812308,3,0,0.72,0.163057,1,1.98471,0.442887,0.236695,1
0,0.482984,0.175393,0,0,0,0.0013089,0.340314,3,0,0.552356,0.0723026,1,1.56285,0.539118,0.202007,1
0.0482759,0.00344828,0.037931,0,0,0,0.00862069,0.901724,4,0,0.868966,0.179021,1,2.35105,0.419114,0.260051,1
0,0,0.191977,0,0,0,0.136103,0.67192,4,0,0.616046,0.0780312,1,1.71909,0.507003,0.225554,1
0.0536332,0,0.0380623,0,0,0,0.00346021,0.904844,4,0,0.870242,0.179523,1,2.34923,0.419355,0.260887,1
0,0.481046,0.175163,0,0,0,0.00261438,0.341176,4,0,0.550327,0.0722222,1,1.56,0.538889,0.201878,1
0,0,0.0188679,0,0,0,0.150943,0.830189,3,0,0.754717,0.166018,1,2.07393,0.429745,0.241253,1
0.0807927,0,0.105183,0,0,0,0.0807927,0.733232,4,0,0.698171,0.131479,1,1.92794,0.467341,0.235727,1
0,0,0.0500759,0,0,0,0.145675,0.804249,4,0,0.729894,0.161209,1,2.01889,0.444165,0.23407,1
0,0.482984,0.175393,0,0,0,0.0013089,0.340314,3,0,0.552356,0.0723026,1,1.56507,0.538376,0.202007,1
0,0,0.0397237,0,0,0,0.0552677,0.905009,4,0,0.868739,0.179272,1,2.34734,0.419234,0.260487,1
0.0536332,0,0.0380623,0,0,0,0.00346021,0.904844,4,0,0.870242,0.179523,1,2.34923,0.419355,0.260887,1
0,0.437416,0.17362,0,0,0,0.00269179,0.386272,4,0,0.574697,0.0774487,1,1.62187,0.53265,0.207058,1
0,0,0.0217729,0,0,0,0.147745,0.830482,3,0,0.763608,0.164524,1,2.10411,0.427592,0.238892,1
0,0,0.0972887,0,0,0,0.140351,0.76236,4,0,0.709729,0.136483,1,1.94488,0.471129,0.245106,1
0,0.482353,0.176471,0,0,0,0.00261438,0.338562,3,0,0.551634,0.0722222,1,1.56111,0.539259,0.201762,1
0,0.16756,0.184987,0,0,0,0.0428954,0.604558,4,0,0.572386,0.0737798,1,1.61635,0.514188,0.213335,1
0.0536332,0,0.0380623,0,0,0,0.00346021,0.904844,4,0,0.870242,0.179523,1,2.34923,0.419355,0.260887,1
0.00410959,0,0.191781,0,0,0,0.0863014,0.717808,4,0,0.587671,0.0751445,1,1.65318,0.510983,0.217524,1
0.00622084,0,0.0186625,0,0,0,0.143079,0.832037,3,0,0.769829,0.164524,1,2.12211,0.426307,0.238869,1
0.0536332,0,0.0380623,0,0,0,0.00346021,0.904844,4,0,0.870242,0.179523,1,2.34923,0.419355,0.260887,1
0,0,0.185915,0,0,0,0.102817,0.711268,3,0,0.6,0.0852071,1,1.67929,0.501775,0.221888,1
0,0,0.0190779,0,0,0,0.146264,0.834658,4,0,0.810811,0.167539,1,2.22382,0.421466,0.243526,1
0,0.458388,0.175694,0,0,0,0.00660502,0.359313,3,0,0.557464,0.07287,1,1.57735,0.536622,0.203493,1
0,0.187221,0.219911,0,0,0,0.00297177,0.589896,4,0,0.662704,0.0804455,1,1.84035,0.506601,0.223741,1
0,0.00687285,0.0378007,0,0,0,0.056701,0.898625,4,0,0.900344,0.178522,1,2.43375,0.413296,0.259196,1
0,0.482353,0.175163,0,0,0,0.00261438,0.339869,4,0,0.551634,0.0722222,1,1.56222,0.539259,0.20182,1
0.145929,0,0.0414747,0,0,0,0.0015361,0.81106,3,0,0.715822,0.16285,1,1.97583,0.44402,0.236366,1
0.00462963,0,0.0324074,0,0,0,0.137346,0.825617,4,0,0.757716,0.16092,1,2.0894,0.431247,0.237334,1
0,0.482984,0.175393,0,0,0,0.0013089,0.340314,4,0,0.551047,0.0723026,1,1.56174,0.539488,0.202017,1
0,0.481675,0.174084,0,0,0,0.0026178,0.341623,4,0,0.552356,0.0723026,1,1.56285,0.538747,0.202075,1
0.0679348,0,0.191576,0,0,0,0.0978261,0.642663,3,0,0.574728,0.0746269,1,1.61998,0.52124,0.215791,1
0,0.184799,0.217586,0,0,0,0.00298063,0.594635,4,0,0.66617,0.0818859,1,1.84739,0.505376,0.224386,1
0,0.435897,0.174089,0,0,0,0.00269906,0.387314,4,0,0.576248,0.0776256,1,1.62329,0.532344,0.207567,1
0,0.482984,0.175393,0,0,0,0.0013089,0.340314,4,0,0.552356,0.0723026,1,1.56507,0.538376,0.202007,1
0.0992126,0,0.0173228,0,0,0,0.0519685,0.831496,4,0,0.725984,0.166234,1,1.9961,0.436797,0.241621,1
0,0,0.0188679,0,0,0,0.150943,0.830189,3,0,0.754717,0.166018,1,2.07393,0.429745,0.241253,1
0,0.10585,0.193593,0,0,0,0.097493,0.603064,4,0,0.603064,0.0762016,1,1.69168,0.384525,0.219839,1
0.0536332,0,0.0380623,0,0,0,0.00346021,0.904844,4,0,0.870242,0.179523,1,2.34923,0.419355,0.260887,1
0,0,0.192044,0,0,0,0.0891632,0.718793,4,0,0.588477,0.0752315,1,1.65394,0.510802,0.217802,1
0,0,0.0397237,0,0,0,0.0569948,0.903282,4,0,0.868739,0.179272,1,2.34734,0.419234,0.260487,1
0.0536332,0,0.0380623,0,0,0,0.00346021,0.904844,4,0,0.870242,0.179523,1,2.34923,0.419355,0.260887,1
0.00402685,0,0.194631,0,0,0,0.0845638,0.716779,4,0,0.57047,0.0738636,1,1.60795,0.514394,0.213691,1
0.0506912,0,0.0414747,0,0,0,0.0967742,0.81106,3,0,0.745008,0.16285,1,2.05471,0.436387,0.236366,1
0,0.116667,0.193056,0,0,0,0.0944444,0.595833,4,0,0.601389,0.0760234,1,1.68772,0.384503,0.219311,1
0,0.187221,0.219911,0,0,0,0.00297177,0.589896,4,0,0.662704,0.0804455,1,1.84035,0.506601,0.223741,1
0.0536332,0,0.0380623,0,0,0,0.00346021,0.904844,4,0,0.870242,0.179523,1,2.34923,0.419355,0.260887,1
0,0.482984,0.175393,0,0,0,0.0013089,0.340314,4,0,0.552356,0.0723026,1,1.56285,0.538747,0.202026,1
0,0.00687285,0.0378007,0,0,0,0.056701,0.898625,4,0,0.900344,0.178522,1,2.43375,0.413296,0.259196,1
0,0,0.0630631,0,0,0,0.144144,0.792793,4,0,0.707207,0.1598,1,1.9588,0.451103,0.232043,1
0.049922,0,0.0343214,0,0,0,0.0982839,0.817473,4,0,0.75039,0.164948,1,2.06701,0.434278,0.239418,1
0,0.467721,0.176548,0,0,0,0.00395257,0.351779,4,0,0.555995,0.0727069,1,1.57159,0.538404,0.203055,1
0,0,0.191977,0,0,0,0.136103,0.67192,4,0,0.616046,0.0780312,1,1.71909,0.507003,0.225554,1
0.00346021,0,0.0380623,0,0,0,0.0536332,0.904844,4,0,0.870242,0.179523,1,2.34923,0.418887,0.260887,1
0.0535406,0,0.0379965,0,0,0,0.00345423,0.905009,4,0,0.868739,0.179272,1,2.34734,0.419234,0.260462,1
0,0.482984,0.175393,0,0,0,0.0013089,0.340314,4,0,0.552356,0.0723026,1,1.56507,0.538376,0.202007,1
0,0,0.0378007,0,0,0,0.056701,0.905498,4,0,0.900344,0.178522,1,2.43375,0.413296,0.259196,1
0.0506912,0,0.0414747,0,0,0,0.0967742,0.81106,4,0,0.745008,0.16285,1,2.05471,0.436387,0.236366,1
0,0.481675,0.174084,0,0,0,0.0026178,0.341623,4,0,0.551047,0.0723026,1,1.56174,0.538747,0.202075,1
0,0.183161,0.189069,0,0,0,0.0516987,0.576071,4,0,0.635155,0.0837438,1,1.76601,0.509031,0.223098,1
0.00274348,0,0.192044,0,0,0,0.0864198,0.718793,4,0,0.588477,0.0752315,1,1.65394,0.510802,0.217802,1
0,0.451138,0.172691,0,0,0,0.00133869,0.374833,4,0,0.570281,0.0770975,1,1.60771,0.534392,0.206237,1
0,0.0142857,0.195714,0,0,0,0.13,0.66,4,0,0.622857,0.0778443,1,1.74132,0.507385,0.224772,1
0,0.482984,0.175393,0,0,0,0.0013089,0.340314,4,0,0.552356,0.0723026,1,1.56507,0.538376,0.202007,1
0,0,0.0644678,0,0,0,0.143928,0.791604,3,0,0.706147,0.159601,1,1.95636,0.451787,0.231751,1
0,0,0.0340357,0,0,0,0.102107,0.863857,3,0,0.687196,0.167553,1,1.88032,0.458777,0.247482,1
0.0538462,0.0123077,0.0476923,0,0,0,0.0938462,0.792308,4,0,0.735385,0.157962,1,2.03057,0.441189,0.236228,1
0,0,0.142631,0,0,0,0.0253566,0.832013,4,0,0.763867,0.122715,1,2.0953,0.440818,0.243611,1
0.0222576,0,0.143084,0,0,0,0.00317965,0.831479,4,0,0.750397,0.123037,1,2.0589,0.443281,0.244338,1
0.0535406,0.00172712,0.0379965,0,0,0,0.00345423,0.903282,4,0,0.868739,0.179272,1,2.34734,0.419701,0.260462,1
0,0.205674,0.190071,0,0,0,0.0964539,0.507801,4,0,0.617021,0.077381,1,1.72738,0.391964,0.218828,1
0,0,0.0192,0,0,0,0.1472,0.8336,4,0,0.7968,0.168421,1,2.18421,0.423246,0.24499,1
0.00286533,0.200573,0.191977,0,0,0,0.0444126,0.560172,3,0,0.603152,0.0780312,1,1.68427,0.517007,0.217033,1
0.0535406,0.00172712,0.0379965,0,0,0,0.00345423,0.903282,4,0,0.868739,0.179272,1,2.34734,0.419701,0.260462,1
0.0413476,0,0.0367534,0,0,0,0.104135,0.817764,4,0,0.781011,0.162437,1,2.15609,0.430203,0.235664,1
0,0,0.0378007,0,0,0,0.056701,0.905498,4,0,0.900344,0.178522,1,2.43375,0.413296,0.259196,1
0,0.482984,0.175393,0,0,0,0.0013089,0.340314,4,0,0.552356,0.0723026,1,1.56507,0.538376,0.202007,1
0.0535406,0,0.0379965,0,0,0,0.00345423,0.905009,4,0,0.868739,0.179272,1,2.34734,0.419234,0.260462,1
0,0,0.0188679,0,0,0,0.150943,0.830189,3,0,0.754717,0.166018,1,2.07393,0.429745,0.241253,1
0,0.482984,0.175393,0,0,0,0.0013089,0.340314,3,0,0.551047,0.0723026,1,1.56062,0.539488,0.202026,1
0.0436006,0.196906,0.208158,0,0,0,0.00281294,0.548523,4,0,0.59775,0.0768322,1,1.67376,0.522853,0.213617,1
0.0476858,0,0.193548,0,0,0,0.105189,0.653576,4,0,0.607293,0.0766509,1,1.70283,0.514937,0.221661,1
0,0,0.0397237,0,0,0,0.0552677,0.905009,4,0,0.868739,0.179272,1,2.34734,0.419234,0.260487,1
0.0393901,0.233799,0.199492,0,0,0,0.0025413,0.524778,4,0,0.543837,0.0704989,1,1.54772,0.533623,0.200941,1
0.0536332,0,0.0380623,0,0,0,0.00346021,0.904844,4,0,0.870242,0.179523,1,2.34923,0.419355,0.260887,1
0,0,0.0418006,0,0,0,0.0980707,0.860129,4,0,0.848875,0.169089,1,2.32629,0.414355,0.245659,1
0,0,0.0403397,0,0,0,0.0492569,0.910403,4,0,0.902335,0.178025,1,2.4628,0.420375,0.230647,1
0,0.127847,0.161278,0,0,0,0.0521675,0.658707,4,0,0.668993,0.104224,1,1.87142,0.496248,0.199999,1
0,0.494627,0.169652,0,0,0,0.000325627,0.335396,3,0,0.550961,0.0715479,1,1.56988,0.544636,0.178222,1
0,0.494627,0.169652,0,0,0,0.000325627,0.335396,3,0,0.550961,0.0715479,1,1.5696,0.544636,0.178222,1
0.289616,0,0.19276,0,0,0,0.000635122,0.51699,4,0,0.546205,0.0702997,1,1.56213,0.551135,0.176613,1
0,0,0.0507679,0,0,0,0.0354096,0.913823,4,0,0.835751,0.178709,1,2.27923,0.436184,0.231688,1
0.000374392,0.0239611,0.135155,0,0,0,0.171471,0.669038,4,0,0.671659,0.10589,1,1.87343,0.369439,0.205191,1
0.0600336,0,0.0424013,0,0,0,0.000839631,0.896725,4,0,0.868178,0.176369,1,2.37478,0.426915,0.228149,1
0,0,0.250955,0,0,0,0.257714,0.491331,3,0,0.526006,0.0657492,1,1.52064,0.569232,0.164539,1
0,0.373699,0.180777,0,0,0,0.0100625,0.435461,4,0,0.600278,0.0755216,1,1.69468,0.53012,0.188999,1
0.00143113,0,0.189624,0,0,0,0.205367,0.603578,4,0,0.605725,0.0781062,1,1.70175,0.522316,0.197145,1
0,0,0.226918,0,0,0,0.238296,0.534785,4,0,0.578349,0.0714484,1,1.64804,0.546196,0.180583,1
0.0612416,0,0.0423658,0,0,0,0.000419463,0.895973,4,0,0.867869,0.176248,1,2.37349,0.426965,0.227963,1
0,0.0400668,0.0813856,0,0,0,0.0237896,0.854758,4,0,0.802588,0.159068,1,2.19746,0.450006,0.2265,1
0,0,0.0319439,0,0,0,0.131282,0.836774,4,0,0.758473,0.165803,1,2.10201,0.439227,0.212922,1
0.000359712,0,0.188129,0,0,0,0.205755,0.605755,4,0,0.609353,0.0781581,1,1.71039,0.521256,0.198171,1
0,0.494466,0.169922,0,0,0,0.000325521,0.335286,4,0,0.550456,0.071528,1,1.56888,0.54467,0.178168,1
0,0,0.195131,0,0,0,0.202996,0.601873,4,0,0.664794,0.0814792,1,1.85365,0.509663,0.20577,1
0.107692,0,0.183566,0,0,0,0.139161,0.56958,4,0,0.595105,0.076013,1,1.6782,0.529232,0.193054,1
0.062983,0.00270479,0.0316847,0,0,0,0.0761206,0.826507,3,0,0.720634,0.164683,1,1.99936,0.446231,0.211294,1
0,0,0.0484563,0,0,0,0.0287307,0.922813,4,0,0.841338,0.17946,1,2.29267,0.433462,0.232822,1
0.00426191,0,0.0418442,0,0,0,0.125533,0.828361,4,0,0.786904,0.165055,1,2.18279,0.435311,0.211825,1
0,0.494627,0.169652,0,0,0,0.000325627,0.335396,4,0,0.550961,0.0715479,1,1.56988,0.544636,0.178222,1
0.0106112,0,0.0403226,0,0,0,0.0390492,0.910017,4,0,0.885399,0.177963,1,2.41675,0.422778,0.230563,1
0,0.494466,0.169922,0,0,0,0.000325521,0.335286,3,0,0.550456,0.071528,1,1.56888,0.54467,0.178168,1
0.00085034,0,0.0403912,0,0,0,0.0493197,0.909439,4,0,0.896684,0.178211,1,2.44657,0.421163,0.230933,1
0.000330579,0.168595,0.266116,0,0,0,0.12,0.444959,4,0,0.597355,0.072476,1,1.69825,0.422518,0.180996,1
0.141871,0,0.038727,0,0,0,0.000383436,0.819018,3,0,0.717408,0.163631,1,1.99265,0.448386,0.209738,1
0,0,0.0402713,0,0,0,0.0495973,0.910131,4,0,0.900805,0.177778,1,2.45903,0.420602,0.230272,1
0,0,0.193723,0,0,0,0.209957,0.59632,4,0,0.616162,0.0786517,1,1.72852,0.520802,0.198726,1
0.00930954,0.16059,0.16602,0,0,0,0.0232739,0.640807,4,0,0.704034,0.0987415,1,1.95192,0.493815,0.210055,1
0,0.000874381,0.256776,0,0,0,0.260274,0.482075,4,0,0.524045,0.0650304,1,1.51619,0.571103,0.163287,1
0,0,0.04046,0,0,0,0.0494037,0.910136,4,0,0.89523,0.178459,1,2.44197,0.421285,0.231318,1
0.0242215,0,0.04109,0,0,0,0.0108131,0.923875,4,0,0.843858,0.180727,1,2.29509,0.432168,0.234742,1
0,0.0934025,0.113788,0,0,0,0.0822832,0.710526,3,0,0.666049,0.124262,1,1.86114,0.482862,0.202198,1
0.141871,0,0.038727,0,0,0,0.000383436,0.819018,3,0,0.717408,0.163631,1,1.99265,0.448386,0.209738,1
0.000424448,0,0.0403226,0,0,0,0.049236,0.910017,4,0,0.901952,0.177963,1,2.46194,0.420461,0.230551,1
0,0.494466,0.169922,0,0,0,0.000325521,0.335286,4,0,0.550456,0.071528,1,1.56888,0.54467,0.178168,1
0.00143113,0,0.189624,0,0,0,0.205009,0.603936,3,0,0.605725,0.0778046,1,1.70205,0.522216,0.197145,1
0.000354233,0.14559,0.185618,0,0,0,0.11548,0.552958,4,0,0.618137,0.0771531,1,1.73894,0.5312,0.193399,1
0,0,0.18567,0,0,0,0.0905959,0.723734,4,0,0.597658,0.0756425,1,1.68896,0.515284,0.19045,1
0.000429185,0,0.0412017,0,0,0,0.0351931,0.923176,4,0,0.851502,0.179586,1,2.31954,0.430609,0.232995,1
0.126012,0,0.0362235,0,0,0,0.0150289,0.822736,4,0,0.722929,0.164313,1,2.00642,0.446406,0.210749,1
0,0,0.0403397,0,0,0,0.0492569,0.910403,4,0,0.902335,0.178025,1,2.4628,0.420375,0.230647,1
0,0,0.037023,0,0,0,0.127314,0.835663,4,0,0.760484,0.161616,1,2.11837,0.438026,0.206798,1
0,0.494466,0.169922,0,0,0,0.000325521,0.335286,4,0,0.550456,0.071528,1,1.56888,0.54467,0.178168,1
0.0106293,0,0.0403912,0,0,0,0.0391156,0.909864,4,0,0.882653,0.178211,1,2.40898,0.423251,0.230942,1
0,0.188422,0.203909,0,0,0,0.0471976,0.560472,4,0,0.653761,0.0794927,1,1.82771,0.389267,0.200012,1
0,0.0951852,0.113333,0,0,0,0.0822222,0.709259,3,0,0.665926,0.124185,1,1.86029,0.482769,0.202052,1
0.0238602,0,0.0404772,0,0,0,0.0255646,0.910098,4,0,0.880273,0.178522,1,2.40132,0.423756,0.231413,1
0.0608336,0,0.111528,0,0,0,0.133684,0.693954,3,0,0.656778,0.115892,1,1.8304,0.488484,0.206041,1
0,0.494627,0.169652,0,0,0,0.000325627,0.335396,3,0,0.550961,0.0715479,1,1.56988,0.544636,0.178222,1
0.0132515,0.330317,0.192631,0,0,0,0.0229476,0.440853,4,0,0.556561,0.0710927,1,1.58783,0.54947,0.17706,1
0.0238602,0,0.0404772,0,0,0,0.0255646,0.910098,4,0,0.880273,0.178522,1,2.40132,0.423756,0.231413,1
0,0,0.195131,0,0,0,0.202996,0.601873,4,0,0.664794,0.0814792,1,1.85365,0.509663,0.20577,1
0,0.0050869,0.0402713,0,0,0,0.0491734,0.905468,4,0,0.900805,0.177778,1,2.45937,0.420833,0.230263,1
0.000350508,0.219068,0.211707,0,0,0,0.0175254,0.551349,4,0,0.603575,0.0764671,1,1.70124,0.529342,0.190703,1
0,0,0.0469146,0,0,0,0.043956,0.909129,4,0,0.878698,0.177347,1,2.40042,0.424893,0.229642,1
0.113566,0,0.0372093,0,0,0,0.0217054,0.827519,4,0,0.729845,0.165108,1,2.02386,0.44534,0.211911,1
0,0.188051,0.0945998,0,0,0,0.0260437,0.691306,4,0,0.712754,0.137931,1,1.98052,0.486377,0.208804,1
0,0.330701,0.178915,0,0,0,0.0326236,0.457761,4,0,0.580357,0.0748616,1,1.64084,0.534032,0.187192,1
0.0766793,0,0.204373,0,0,0,0.0262991,0.692649,4,0,0.547529,0.0701659,1,1.56622,0.530505,0.176288,1
0,0.493819,0.170137,0,0,0,0.00130124,0.334743,4,0,0.550423,0.0714882,1,1.56857,0.545109,0.178064,1
0,0.000707214,0.203678,0,0,0,0.0275813,0.768034,4,0,0.614215,0.0862944,1,1.72887,0.490694,0.194911,1
0.0238602,0,0.0404772,0,0,0,0.0255646,0.910098,4,0,0.880273,0.178522,1,2.40132,0.423756,0.231413,1
0,0.494305,0.170192,0,0,0,0.000325415,0.335177,4,0,0.550277,0.0715081,1,1.56845,0.544704,0.178115,1
0.0179577,0.16831,0.208451,0,0,0,0.0334507,0.571831,4,0,0.60493,0.0764653,1,1.70396,0.395641,0.191688,1
0,0.0050869,0.0402713,0,0,0,0.0491734,0.905468,4,0,0.900805,0.177778,1,2.45937,0.420833,0.230263,1
0.0265487,0.188422,0.193953,0,0,0,0.019174,0.571903,4,0,0.640487,0.0794927,1,1.79091,0.515105,0.199921,1
0.024359,0,0.0371795,0,0,0,0.025641,0.912821,4,0,0.865812,0.178958,1,2.36001,0.428638,0.232081,1
0,0,0.0415028,0,0,0,0.0249017,0.933595,4,0,0.832678,0.182206,1,2.26121,0.435469,0.236983,1
0,0,0.0614693,0,0,0,0.135307,0.803223,4,0,0.708396,0.160552,1,1.97491,0.455838,0.205338,1
0.0238602,0,0.0404772,0,0,0,0.0255646,0.910098,4,0,0.880273,0.178522,1,2.40132,0.423756,0.231413,1
0.0576923,0.367666,0.170795,0,0,0,0.00325945,0.400587,4,0,0.551499,0.0716077,1,1.57175,0.545091,0.178393,1
0,0.00711297,0.0468619,0,0,0,0.0493724,0.896653,4,0,0.872385,0.175885,1,2.3875,0.427688,0.227431,1
0.101412,0.000320924,0.192555,0,0,0,0.0198973,0.685815,4,0,0.550706,0.0706626,1,1.573,0.527083,0.178382,1
0,0.493811,0.169707,0,0,0,0.000651466,0.335831,4,0,0.55114,0.0715678,1,1.57031,0.544695,0.178275,1
0.0600336,0,0.0424013,0,0,0,0.000839631,0.896725,4,0,0.868178,0.176369,1,2.37444,0.426915,0.228149,1
0,0,0.0402031,0,0,0,0.0499365,0.90986,4,0,0.888701,0.177531,1,2.42649,0.421983,0.229907,1
0.0908042,0,0.0380916,0,0,0,0.0457868,0.825317,4,0,0.746056,0.164103,1,2.07179,0.442949,0.210437,1
0,0.486911,0.16983,0,0,0,0.000327225,0.342932,4,0,0.554319,0.0721275,1,1.5787,0.544124,0.179067,1
0.0283784,0.366216,0.178716,0,0,0,0.00304054,0.423649,3,0,0.572297,0.0738294,1,1.62166,0.536053,0.18433,1
0,0,0.0494822,0,0,0,0.131952,0.818565,4,0,0.780974,0.158568,1,2.16912,0.466645,0.209845,1
0,0.494466,0.169922,0,0,0,0.000325521,0.335286,3,0,0.550456,0.071528,1,1.56888,0.54467,0.178168,1
0.000382117,0,0.154757,0,0,0,0.18418,0.66068,4,0,0.695071,0.107075,1,1.93244,0.491714,0.20948,1
0,0,0.0436441,0,0,0,0.0495763,0.90678,4,0,0.880932,0.177716,1,2.40507,0.424043,0.230199,1
0.00487508,0,0.244363,0,0,0,0.0347349,0.716027,4,0,0.545399,0.0678412,1,1.5685,0.541853,0.170185,1
0,0.330042,0.187588,0,0,0,0.00881523,0.473554,4,0,0.614598,0.0768543,1,1.73012,0.528349,0.191882,1
0,0.494305,0.169541,0,0,0,0.000976245,0.335177,4,0,0.550602,0.0717863,1,1.56928,0.544704,0.178116,1
0.0509276,0.187705,0.194616,0,0,0,0.00363769,0.563114,4,0,0.63223,0.0785933,1,1.77187,0.517125,0.197358,1
0.00340715,0,0.04046,0,0,0,0.0459966,0.910136,4,0,0.893952,0.178459,1,2.43883,0.421634,0.231317,1
0,0.494302,0.169652,0,0,0,0.000651254,0.335396,4,0,0.550961,0.0715479,1,1.5696,0.544729,0.178222,1
0.113084,0,0.0374373,0,0,0,0.0243149,0.825164,4,0,0.732922,0.164524,1,2.03438,0.445051,0.211058,1
0.000423191,0,0.0402031,0,0,0,0.0495133,0.90986,4,0,0.888701,0.177531,1,2.42649,0.422099,0.229907,1
0,0.49349,0.169596,0,0,0,0.00130208,0.335612,4,0,0.55013,0.0718063,1,1.56805,0.544856,0.178174,1
0,0.0050869,0.0402713,0,0,0,0.0491734,0.905468,4,0,0.900805,0.177778,1,2.45937,0.420833,0.230263,1
0.287524,0.000316656,0.193794,0,0,0,0.00253325,0.515833,3,0,0.543699,0.0698559,1,1.55559,0.552415,0.176131,1
0,0.494627,0.169652,0,0,0,0.000325627,0.335396,4,0,0.550961,0.0715479,1,1.56988,0.544636,0.178222,1
0.021785,0.178496,0.213633,0,0,0,0.0115952,0.57449,4,0,0.603654,0.0766261,1,1.70092,0.526681,0.191107,1
0,0.199552,0.196568,0,0,0,0.0231257,0.580753,4,0,0.660947,0.0802623,1,1.84478,0.510931,0.202045,1
0.0247774,0,0.031746,0,0,0,0.114208,0.829268,4,0,0.744096,0.164948,1,2.06347,0.44201,0.211689,1
0,0,0.0409975,0,0,0,0.0498732,0.909129,4,0,0.887151,0.177347,1,2.42328,0.422238,0.229625,1
0,0.494466,0.169922,0,0,0,0.000325521,0.335286,3,0,0.550456,0.071528,1,1.56888,0.54467,0.178168,1
0,0,0.102919,0,0,0,0.150075,0.747006,4,0,0.743638,0.134983,1,2.07422,0.482201,0.205185,1
0.289206,0,0.192698,0,0,0,0.00126984,0.516825,4,0,0.544762,0.0702806,1,1.55843,0.55153,0.17656,1
0,0.0134418,0.198797,0,0,0,0.203042,0.584719,3,0,0.602405,0.0767622,1,1.69504,0.394265,0.194897,1
0,0,0.0415028,0,0,0,0.0249017,0.933595,4,0,0.832678,0.182206,1,2.26121,0.435469,0.236983,1
0.119275,0,0.193384,0,0,0,0.00699746,0.680344,4,0,0.547392,0.0703956,1,1.56508,0.528422,0.176868,1
0,0.486911,0.16983,0,0,0,0.000327225,0.342932,4,0,0.554319,0.0721275,1,1.5787,0.544124,0.179067,1
0.0181287,0.000877193,0.254386,0,0,0,0.0181287,0.70848,4,0,0.524854,0.0652119,1,1.51789,0.549184,0.163785,1
0.0242215,0,0.04109,0,0,0,0.0108131,0.923875,4,0,0.843858,0.180727,1,2.29509,0.432168,0.234742,1
0,0.494141,0.170247,0,0,0,0.000325521,0.335286,3,0,0.550456,0.071528,1,1.56833,0.545041,0.178164,1
0.0290894,0,0.0408938,0,0,0,0.0286678,0.901349,4,0,0.886594,0.176979,1,2.42309,0.423436,0.229068,1
0,0.494627,0.169652,0,0,0,0.000325627,0.335396,4,0,0.550961,0.0715479,1,1.56988,0.544636,0.178222,1
0.000377501,0.00415251,0.0373726,0,0,0,0.125708,0.83239,3,0,0.761042,0.161514,1,2.11987,0.438381,0.206655,1
0,0,0.0399327,0,0,0,0.0504414,0.909626,4,0,0.889029,0.176552,1,2.43103,0.422874,0.22842,1
0.141433,0,0.0387122,0,0,0,0.00114987,0.818704,3,0,0.717133,0.163578,1,1.99265,0.448456,0.209663,1
0.000423191,0.00253915,0.0402031,0,0,0,0.0490901,0.907744,4,0,0.887854,0.177531,1,2.42476,0.422215,0.229908,1
0,0.000904159,0.233574,0,0,0,0.246835,0.518686,4,0,0.53255,0.0669445,1,1.53425,0.563428,0.168425,1
0.0386392,0,0.0424192,0,0,0,0.0218396,0.897102,4,0,0.881142,0.17643,1,2.40937,0.42465,0.228241,1
0.0606749,0.368916,0.171642,0,0,0,0.000324465,0.398443,4,0,0.549968,0.0713294,1,1.56786,0.545749,0.177624,1
0,0,0.0373444,0,0,0,0.127122,0.835534,3,0,0.761977,0.161412,1,2.12295,0.437894,0.206501,1
0,0.494141,0.170247,0,0,0,0.000325521,0.335286,4,0,0.550456,0.071528,1,1.56833,0.545041,0.178164,1
0,0,0.0403397,0,0,0,0.0492569,0.910403,4,0,0.902335,0.178025,1,2.4628,0.420375,0.230647,1
0.00559395,0.456729,0.172096,0,0,0,0.00394867,0.361632,3,0,0.556433,0.072191,1,1.58343,0.542416,0.179938,1
0,0.000422654,0.0409975,0,0,0,0.0498732,0.908707,4,0,0.887151,0.177347,1,2.42293,0.422469,0.229625,1
0.0131527,0.0494221,0.0569948,0,0,0,0.10841,0.772021,4,0,0.72499,0.152805,1,2.00099,0.350743,0.217098,1
0,0.494302,0.169326,0,0,0,0.000651254,0.335721,4,0,0.550635,0.0715479,1,1.56904,0.544822,0.178223,1
0.000975293,0.494148,0.169701,0,0,0,0.000325098,0.33485,4,0,0.55039,0.0717264,1,1.56909,0.544621,0.177962,1
0,0,0.0786059,0,0,0,0.148313,0.773081,3,0,0.68261,0.139217,1,1.90677,0.474104,0.203486,1
0,0.486911,0.16983,0,0,0,0.000327225,0.342932,4,0,0.554319,0.0721275,1,1.5787,0.544124,0.179067,1
0.127727,0.000316156,0.194436,0,0,0,0.00126462,0.676257,3,0,0.543155,0.0697611,1,1.55429,0.529678,0.175864,1
0,0,0.0436441,0,0,0,0.0495763,0.90678,4,0,0.880932,0.177716,1,2.40507,0.424043,0.230199,1
0,0,0.0399663,0,0,0,0.0496424,0.910391,4,0,0.885149,0.176674,1,2.41994,0.423625,0.228609,1
0,0,0.195131,0,0,0,0.202996,0.601873,4,0,0.664419,0.0811658,1,1.85302,0.509663,0.20577,1
0,0.494627,0.169652,0,0,0,0.000325627,0.335396,3,0,0.550961,0.0715479,1,1.56988,0.544636,0.178222,1
0.141871,0,0.038727,0,0,0,0.000383436,0.819018,3,0,0.717408,0.163631,1,1.99265,0.448386,0.209738,1
0.000755572,0,0.037023,0,0,0,0.125425,0.836796,4,0,0.763128,0.161616,1,2.125,0.4375,0.206807,1
0,0.0070922,0.0500626,0,0,0,0.0492282,0.893617,4,0,0.866083,0.175463,1,2.3708,0.429632,0.226803,1
0.289791,0.000951173,0.193405,0,0,0,0.000634115,0.515219,3,0,0.544388,0.069932,1,1.55701,0.414014,0.176337,1
0.000846382,0,0.0402031,0,0,0,0.0490901,0.90986,4,0,0.889124,0.177531,1,2.42822,0.421983,0.229906,1
0,0.49398,0.170192,0,0,0,0.000976245,0.334852,4,0,0.550277,0.0715081,1,1.56845,0.545075,0.178112,1
0.00988003,0.318631,0.189132,0,0,0,0.0042343,0.478123,4,0,0.616443,0.0766021,1,1.73532,0.527372,0.191974,1
0.0218947,0,0.04,0,0,0,0.0294737,0.908632,4,0,0.875368,0.176796,1,2.39227,0.425184,0.228793,1
0.140169,0.000768049,0.0391705,0,0,0,0.000768049,0.819124,4,0,0.71851,0.16352,1,1.9952,0.448,0.210047,1
0,0.494141,0.170247,0,0,0,0.000325521,0.335286,3,0,0.550456,0.071528,1,1.56833,0.545041,0.178164,1
0.000424268,0.000848536,0.0403055,0,0,0,0.0492151,0.909207,4,0,0.90157,0.177901,1,2.46108,0.420662,0.230455,1
0.0631049,0,0.0313589,0,0,0,0.0766551,0.828881,3,0,0.722029,0.164948,1,2.00226,0.445876,0.211688,1
0,0,0.0397799,0,0,0,0.0499365,0.910284,4,0,0.867118,0.177531,1,2.36859,0.428918,0.229906,1
0,0.49398,0.170192,0,0,0,0.000976245,0.334852,3,0,0.550277,0.0715081,1,1.56817,0.545075,0.178112,1
0.120278,0,0.0343099,0,0,0,0.0227448,0.822668,4,0,0.722822,0.164366,1,2.0061,0.448689,0.210861,1
0.0608477,0,0.0423836,0,0,0,0.000419639,0.896349,4,0,0.867814,0.176309,1,2.37397,0.426997,0.228057,1
0,0.117193,0.178308,0,0,0,0.139355,0.565144,4,0,0.57589,0.0734496,1,1.6339,0.404901,0.184214,1
0.000423908,0,0.0402713,0,0,0,0.0491734,0.910131,4,0,0.900805,0.177778,1,2.45903,0.420718,0.230272,1
0.129185,0,0.194251,0,0,0,0.000315856,0.676248,4,0,0.542956,0.0697044,1,1.55384,0.529699,0.175704,1
0.235754,0,0.170628,0,0,0,0.0615435,0.532074,4,0,0.550635,0.0715479,1,1.56932,0.5451,0.18077,1
0,0.494627,0.169652,0,0,0,0.000325627,0.335396,4,0,0.550961,0.0715479,1,1.56988,0.544636,0.178222,1
0.000357526,0.000357526,0.190204,0,0,0,0.20522,0.603861,3,0,0.605649,0.0780591,1,1.70133,0.522604,0.197006,1
0,0,0.0545868,0,0,0,0.126611,0.818802,3,0,0.713798,0.162077,1,1.98639,0.452991,0.207549,1
0.0608221,0.000838926,0.0423658,0,0,0,0.000419463,0.895554,4,0,0.867869,0.176248,1,2.37349,0.427309,0.227963,1
0,0.324792,0.180402,0,0,0,0.0325485,0.462258,4,0,0.588643,0.0753887,1,1.66236,0.533196,0.188677,1
0.00669456,0,0.0464435,0,0,0,0.0435146,0.903347,4,0,0.871967,0.175885,1,2.38612,0.427345,0.22743,1
0.289975,0,0.193211,0,0,0,0.000634518,0.51618,4,0,0.545051,0.06997,1,1.55922,0.551593,0.17646,1
0,0.192744,0.196901,0,0,0,0.0226757,0.58768,4,0,0.671958,0.0820966,1,1.87086,0.508262,0.204602,1
0,0,0.0369811,0,0,0,0.12717,0.835849,4,0,0.762264,0.161463,1,2.12362,0.437717,0.206577,1
0.141596,0,0.038373,0,0,0,0.00076746,0.819263,4,0,0.717575,0.163735,1,1.99328,0.448246,0.209894,1
0,0.494305,0.169541,0,0,0,0.000976245,0.335177,4,0,0.550602,0.0717863,1,1.56928,0.544704,0.178116,1
0.0353833,0.00042123,0.0404381,0,0,0,0.021904,0.901853,4,0,0.871104,0.176857,1,2.38066,0.426252,0.228888,1
0,0.242227,0.154375,0,0,0,0.0516992,0.551699,4,0,0.636298,0.0927898,1,1.78491,0.512828,0.196819,1
0.000424448,0,0.0373514,0,0,0,0.049236,0.912988,4,0,0.874363,0.177963,1,2.38686,0.426949,0.230565,1
0,0.494466,0.169922,0,0,0,0.000325521,0.335286,4,0,0.550456,0.071528,1,1.56888,0.54467,0.178168,1
0,0.00336449,0.121121,0,0,0,0.152523,0.722991,4,0,0.72,0.123279,1,2.00876,0.489049,0.20504,1
0,0,0.0464435,0,0,0,0.0502092,0.903347,4,0,0.87364,0.175885,1,2.39127,0.426887,0.22743,1
0,0.494466,0.169922,0,0,0,0.000325521,0.335286,3,0,0.550456,0.071528,1,1.56888,0.54467,0.178168,1
0.0386392,0,0.0424192,0,0,0,0.0218396,0.897102,4,0,0.881142,0.17643,1,2.40937,0.42465,0.228241,1
0,0,0.245593,0,0,0,0.250672,0.503735,4,0,0.533612,0.0667011,1,1.53904,0.564633,0.167117,1
0,0.494627,0.169652,0,0,0,0.000325627,0.335396,3,0,0.550961,0.0715479,1,1.56988,0.544636,0.178222,1
0.0640942,0,0.195553,0,0,0,0.0402224,0.700131,4,0,0.567037,0.0720872,1,1.61498,0.524169,0.181518,1
0.129144,0.000315756,0.194506,0,0,0,0.000315756,0.675718,4,0,0.542785,0.0696855,1,1.55369,0.529826,0.17565,1
0,0,0.0410217,0,0,0,0.122291,0.836687,4,0,0.793344,0.164895,1,2.20032,0.434568,0.211576,1
0,0,0.04267,0,0,0,0.0490072,0.908323,4,0,0.884664,0.177285,1,2.41655,0.42313,0.229534,1
0,0.473788,0.171035,0,0,0,0.0042595,0.350917,4,0,0.554063,0.0719284,1,1.57739,0.544267,0.179256,1
0.0386392,0,0.0424192,0,0,0,0.0218396,0.897102,4,0,0.881142,0.17643,1,2.40937,0.42465,0.228241,1
0,0,0.193292,0,0,0,0.20916,0.597548,4,0,0.615218,0.0783242,1,1.72647,0.520846,0.198652,1
0,0.215034,0.194839,0,0,0,0.0224383,0.567689,4,0,0.659686,0.0804382,1,1.84038,0.511215,0.202594,1
0.289557,0.00411392,0.193038,0,0,0,0.000632911,0.512658,4,0,0.543354,0.069818,1,1.55501,0.414358,0.176016,1
0.000387297,0,0.0410534,0,0,0,0.121611,0.836948,4,0,0.792409,0.165002,1,2.1982,0.434633,0.211735,1
0,0.0898251,0.126789,0,0,0,0.0238474,0.759539,4,0,0.781399,0.131709,1,2.15739,0.465152,0.215742,1
0.0206316,0,0.04,0,0,0,0.0298947,0.909474,4,0,0.875789,0.176796,1,2.39365,0.424954,0.228793,1
0.0322581,0.206035,0.211932,0,0,0,0.000346861,0.549428,3,0,0.59556,0.0754994,1,1.68155,0.530356,0.188803,1
0.0612416,0,0.0423658,0,0,0,0.000419463,0.895973,4,0,0.867869,0.176248,1,2.37349,0.426965,0.227963,1
0,0.494466,0.169922,0,0,0,0.000325521,0.335286,4,0,0.550456,0.071528,1,1.56888,0.54467,0.178168,1
0,0.0469432,0.19032,0,0,0,0.161572,0.601164,4,0,0.623362,0.0789232,1,1.74671,0.518303,0.199607,1
0.00116054,0.000386847,0.0413927,0,0,0,0.121083,0.835977,4,0,0.793037,0.164842,1,2.19961,0.435072,0.211496,1
0,0,0.0339114,0,0,0,0.134489,0.831599,4,0,0.789981,0.164313,1,2.19255,0.436457,0.210753,1
0,0.000418235,0.0468423,0,0,0,0.0501882,0.902551,4,0,0.873275,0.175824,1,2.39045,0.427312,0.227337,1
0.125474,0,0.193742,0,0,0,0.0028445,0.677939,4,0,0.5433,0.0700136,1,1.55468,0.529534,0.175805,1
0.0600336,0,0.0424013,0,0,0,0.000839631,0.896725,4,0,0.868178,0.176369,1,2.37478,0.426915,0.228149,1
0,0.337388,0.191741,0,0,0,0.0304097,0.440461,4,0,0.549936,0.0705075,1,1.57092,0.550434,0.175452,1
0,0.000753579,0.149586,0,0,0,0.183873,0.665788,4,0,0.649586,0.101417,1,1.80945,0.504357,0.206793,1
0.00930954,0.16059,0.16602,0,0,0,0.0232739,0.640807,4,0,0.704034,0.0987415,1,1.95192,0.493815,0.210055,1
0.000381971,0,0.15508,0,0,0,0.183728,0.66081,4,0,0.695187,0.10704,1,1.93246,0.49177,0.209401,1
0,0.494466,0.169922,0,0,0,0.000325521,0.335286,3,0,0.550456,0.071528,1,1.56888,0.54467,0.178168,1
0,0,0.0524769,0,0,0,0.0457599,0.901763,4,0,0.852225,0.170858,1,2.33069,0.431967,0.228244,1
0.0120937,0,0.111867,0,0,0,0.175737,0.700302,4,0,0.681406,0.116514,1,1.89769,0.482791,0.2073,1
0,0.494627,0.169652,0,0,0,0.000325627,0.335396,4,0,0.550961,0.0715479,1,1.56988,0.544636,0.178222,1
0,0.456244,0.170436,0,0,0,0.0121272,0.361193,4,0,0.553917,0.0719485,1,1.57727,0.54414,0.179331,1
0.00680272,0,0.0403912,0,0,0,0.0429422,0.909864,4,0,0.882653,0.178211,1,2.40898,0.423135,0.230942,1
0.00339847,0,0.0403568,0,0,0,0.0458794,0.910365,4,0,0.90017,0.178087,1,2.4567,0.420754,0.230742,1
0,0.0926612,0.113417,0,0,0,0.0826538,0.711268,3,0,0.66642,0.124262,1,1.86145,0.482552,0.202193,1
0,0,0.0403397,0,0,0,0.0492569,0.910403,4,0,0.902335,0.178025,1,2.4628,0.420375,0.230647,1
0.000423191,0,0.0402031,0,0,0,0.0495133,0.90986,4,0,0.889124,0.177531,1,2.42788,0.421868,0.229906,1
0.00869205,0,0.022351,0,0,0,0.109272,0.859685,4,0,0.813328,0.174328,1,2.22983,0.426739,0.225341,1
0.00891327,0.382928,0.179979,0,0,0,0.00308536,0.425094,4,0,0.591018,0.0747528,1,1.67161,0.53248,0.18688,1
0,0.494298,0.169436,0,0,0,0.000325839,0.33594,4,0,0.550994,0.0715877,1,1.57019,0.544661,0.17833,1
0.000754432,0,0.038476,0,0,0,0.125236,0.835534,4,0,0.760468,0.161412,1,2.11854,0.43863,0.206504,1
0.0386392,0,0.0424192,0,0,0,0.0218396,0.897102,4,0,0.881142,0.17643,1,2.40937,0.42465,0.228241,1
0.000355999,0.147383,0.211819,0,0,0,0.0590958,0.581346,4,0,0.617658,0.0771772,1,1.73664,0.394144,0.194015,1
0,0,0.0468948,0,0,0,0.0464723,0.906633,4,0,0.877482,0.177285,1,2.39751,0.425439,0.229553,1
0,0.491365,0.169762,0,0,0,0.0016292,0.337243,4,0,0.550668,0.0715877,1,1.5688,0.54494,0.178333,1
0.0574485,0.111727,0.123217,0,0,0,0.000396197,0.707211,4,0,0.744849,0.122167,1,2.05747,0.474658,0.214786,1
0.129185,0,0.194251,0,0,0,0.000315856,0.676248,3,0,0.542956,0.0697044,1,1.55384,0.529699,0.175704,1
0.288437,0,0.193138,0,0,0,0.00127065,0.517154,4,0,0.546061,0.0703189,1,1.56201,0.551013,0.176666,1
0,0,0.271429,0,0,0,0.0151429,0.713429,3,0,0.519714,0.0639144,1,1.50759,0.554671,0.16034,1
0,0.49365,0.169652,0,0,0,0.000651254,0.336047,4,0,0.550961,0.0718263,1,1.56988,0.544729,0.178225,1
0,0,0.0496454,0,0,0,0.0492282,0.901126,4,0,0.865665,0.175463,1,2.36977,0.429289,0.226805,1
0,0.180403,0.209763,0,0,0,0.0332508,0.576583,4,0,0.60665,0.0767622,1,1.70729,0.52728,0.192353,1
0,0,0.187074,0,0,0,0.199282,0.613645,3,0,0.60754,0.0777375,1,1.70629,0.52067,0.197855,1
0,0.49398,0.170192,0,0,0,0.000976245,0.334852,3,0,0.550277,0.0715081,1,1.56817,0.545075,0.178112,1
0.28964,0,0.194251,0,0,0,0.000315856,0.515793,4,0,0.542956,0.0697044,1,1.55438,0.552662,0.175704,1
0.00188679,0,0.0369811,0,0,0,0.125283,0.835849,3,0,0.762264,0.161463,1,2.12299,0.437822,0.206577,1
0,0.0389313,0.0755725,0,0,0,0.108015,0.777481,4,0,0.758397,0.147724,1,2.10888,0.452085,0.208421,1
0.0106112,0,0.0403226,0,0,0,0.0390492,0.910017,4,0,0.885399,0.177963,1,2.41675,0.422778,0.230563,1
0,0.494627,0.169652,0,0,0,0.000325627,0.335396,4,0,0.550961,0.0715479,1,1.56988,0.544636,0.178222,1
0,0,0.0356709,0,0,0,0.0932306,0.871099,4,0,0.758816,0.171352,1,2.08768,0.443887,0.22094,1
0,0.494627,0.169652,0,0,0,0.000325627,0.335396,3,0,0.550961,0.0715479,1,1.56988,0.544636,0.178222,1
0,0.494298,0.169436,0,0,0,0.000325839,0.33594,4,0,0.550994,0.0715877,1,1.57019,0.544661,0.17833,1
0.289616,0,0.19276,0,0,0,0.000635122,0.51699,4,0,0.546205,0.0702997,1,1.56213,0.551135,0.176613,1
0,0.49365,0.170303,0,0,0,0.000325627,0.335721,4,0,0.550309,0.0715479,1,1.56849,0.545007,0.178218,1
0,0,0.113072,0,0,0,0.155564,0.731365,4,0,0.649982,0.121286,1,1.82414,0.49343,0.198096,1
0.0106112,0,0.0403226,0,0,0,0.0390492,0.910017,4,0,0.885399,0.177963,1,2.41675,0.422778,0.230563,1
0.000355745,0,0.186766,0,0,0,0.168979,0.643899,4,0,0.607257,0.077431,1,1.70708,0.519108,0.19618,1
0,0.177982,0.176832,0,0,0,0.0295359,0.61565,4,0,0.69697,0.092711,1,1.93574,0.498402,0.207716,1
0.00141693,0,0.200496,0,0,0,0.208998,0.58909,4,0,0.603613,0.0774522,1,1.69827,0.524522,0.195314,1
0,0,0.188841,0,0,0,0.207439,0.60372,4,0,0.605866,0.0783841,1,1.70214,0.522058,0.19708,1
0.141871,0,0.038727,0,0,0,0.000383436,0.819018,3,0,0.717408,0.163631,1,1.99265,0.448386,0.209738,1
0,0,0.0522037,0,0,0,0.0248181,0.922978,4,0,0.83911,0.179146,1,2.28656,0.43457,0.23235,1
0.00307102,0.0253359,0.0652591,0,0,0,0.111708,0.794626,4,0,0.763148,0.153551,1,2.11964,0.447324,0.20971,1
0,0,0.188083,0,0,0,0.206389,0.605528,4,0,0.608399,0.0780163,1,1.70819,0.521419,0.197762,1
0,0.494466,0.169922,0,0,0,0.000325521,0.335286,3,0,0.550456,0.071528,1,1.56888,0.54467,0.178168,1
0,0,0.195131,0,0,0,0.202996,0.601873,4,0,0.664794,0.0814792,1,1.85365,0.509663,0.20577,1
0.0799289,0.00035524,0.18508,0,0,0,0.155595,0.579041,4,0,0.60746,0.0773381,1,1.70803,0.395534,0.195953,1
0.140344,0,0.0405354,0,0,0,0.000382409,0.818738,3,0,0.71587,0.163265,1,1.9898,0.449298,0.209195,1
0,0,0.0399327,0,0,0,0.0504414,0.909626,4,0,0.889029,0.176552,1,2.43103,0.422874,0.22842,1
0,0.13369,0.140565,0,0,0,0.0664629,0.659282,4,0,0.698243,0.107359,1,1.94106,0.486567,0.207397,1
0.12775,0,0.0374373,0,0,0,0.00964878,0.825164,3,0,0.722501,0.164524,1,2.00482,0.446979,0.211058,1
0.0106112,0,0.0403226,0,0,0,0.0390492,0.910017,4,0,0.885399,0.177963,1,2.41675,0.422778,0.230563,1
0,0.494298,0.169436,0,0,0,0.000325839,0.33594,4,0,0.550994,0.0715877,1,1.57019,0.544661,0.17833,1
0.00085034,0,0.0403912,0,0,0,0.0493197,0.909439,4,0,0.896684,0.178211,1,2.44657,0.421163,0.230933,1
0.00188679,0,0.0369811,0,0,0,0.125283,0.835849,3,0,0.762264,0.161463,1,2.12299,0.437822,0.206577,1
0.141871,0,0.038727,0,0,0,0.000383436,0.819018,3,0,0.717408,0.163631,1,1.99265,0.448386,0.209738,1
0,0,0.0403397,0,0,0,0.0492569,0.910403,4,0,0.902335,0.178025,1,2.4628,0.420375,0.230647,1
0,0,0.254913,0,0,0,0.26078,0.484306,4,0,0.527721,0.0656489,1,1.5257,0.569211,0.164283,1
0.0225624,0.11523,0.12087,0,0,0,0.0241741,0.717164,4,0,0.75423,0.12321,1,2.07826,0.472305,0.218254,1
0.00259488,0.33182,0.193318,0,0,0,0.0285436,0.443724,4,0,0.559844,0.0713097,1,1.596,0.548927,0.177648,1
0,0,0.0402372,0,0,0,0.0499788,0.909784,4,0,0.891148,0.177654,1,2.43338,0.422276,0.230093,1
0.000327654,0.4846,0.170052,0,0,0,0.000327654,0.344692,4,0,0.555046,0.0722082,1,1.58018,0.544174,0.179288,1
0,0.2606,0.208893,0,0,0,0.0113754,0.519131,4,0,0.591175,0.0751023,1,1.67066,0.53497,0.187795,1
0.126348,0,0.0365948,0,0,0,0.0146379,0.822419,4,0,0.72265,0.164261,1,2.0061,0.446583,0.21067,1
0,0,0.0403055,0,0,0,0.0500636,0.909631,4,0,0.90157,0.177901,1,2.46108,0.420547,0.230455,1
0,0.494466,0.169922,0,0,0,0.000325521,0.335286,4,0,0.550456,0.071528,1,1.56888,0.54467,0.178168,1
0.0129007,0,0.117279,0,0,0,0.145035,0.724785,4,0,0.717357,0.120169,1,1.98603,0.479918,0.213862,1
0,0.126961,0.188659,0,0,0,0.129101,0.555278,4,0,0.624465,0.077594,1,1.75549,0.39594,0.194933,1
0,0,0.186552,0,0,0,0.0893103,0.724138,4,0,0.598966,0.0754165,1,1.6922,0.514957,0.19063,1
0.00561995,0.205128,0.211451,0,0,0,0.0186161,0.559185,4,0,0.602389,0.0763064,1,1.69715,0.528306,0.191057,1
0.0323034,0,0.201194,0,0,0,0.194522,0.57198,3,0,0.599017,0.0762838,1,1.68774,0.527555,0.193741,1
0,0,0.0464047,0,0,0,0.0501672,0.903428,4,0,0.876254,0.175764,1,2.39821,0.426593,0.227247,1
0,0.271658,0.174332,0,0,0,0.0399287,0.514082,4,0,0.611052,0.0820806,1,1.71738,0.525356,0.194002,1
0,0.494466,0.169922,0,0,0,0.000325521,0.335286,3,0,0.550456,0.071528,1,1.56888,0.54467,0.178168,1
0.024276,0,0.04046,0,0,0,0.0255537,0.90971,4,0,0.880324,0.178459,1,2.40084,0.423725,0.231316,1
0,0.195094,0.198113,0,0,0,0.0230189,0.583774,4,0,0.670566,0.081047,1,1.86755,0.509093,0.204291,1
0,0.280082,0.207748,0,0,0,0.00857045,0.5036,4,0,0.589304,0.0747528,1,1.66638,0.537037,0.186869,1
0.0238602,0,0.0404772,0,0,0,0.0255646,0.910098,4,0,0.880273,0.178522,1,2.40132,0.423756,0.231413,1
0.0608336,0,0.111528,0,0,0,0.133684,0.693954,4,0,0.656778,0.115892,1,1.8304,0.488484,0.206041,1
0,0.486911,0.16983,0,0,0,0.000327225,0.342932,4,0,0.554319,0.0721275,1,1.5787,0.544124,0.179067,1
0,0.109341,0.203374,0,0,0,0.1587,0.528585,3,0,0.540456,0.0690489,1,1.5489,0.416376,0.17229,1
0.0238602,0,0.0404772,0,0,0,0.0255646,0.910098,4,0,0.880273,0.178522,1,2.40132,0.423756,0.231413,1
0,0,0.195131,0,0,0,0.202996,0.601873,4,0,0.664794,0.0814792,1,1.85365,0.509663,0.20577,1
0.0286799,0,0.040911,0,0,0,0.0286799,0.901729,4,0,0.886968,0.17704,1,2.42393,0.423352,0.229163,1
0,0.213738,0.209554,0,0,0,0.0209205,0.555788,4,0,0.597978,0.0758336,1,1.68634,0.529261,0.189745,1
0.0238602,0,0.0404772,0,0,0,0.0255646,0.910098,4,0,0.880273,0.178522,1,2.40132,0.423756,0.231413,1
0.013302,0,0.0316901,0,0,0,0.118153,0.836854,4,0,0.747653,0.166396,1,2.06955,0.440797,0.213804,1
0,0.188051,0.0945998,0,0,0,0.0260437,0.691306,4,0,0.712754,0.137931,1,1.98052,0.486377,0.208804,1
0.016075,0.377428,0.174481,0,0,0,0.0174146,0.414601,4,0,0.569993,0.073282,1,1.61791,0.539778,0.182955,1
0.27092,0,0.191728,0,0,0,0.0147483,0.522603,4,0,0.550176,0.0708791,1,1.5717,0.55,0.178222,1
0,0.11037,0.116296,0,0,0,0.0759259,0.697407,3,0,0.684074,0.124495,1,1.91152,0.480803,0.202059,1
0.00034002,0,0.219653,0,0,0,0.0363822,0.743625,4,0,0.593336,0.0745234,1,1.67995,0.505873,0.188043,1
0.0242553,0,0.0404255,0,0,0,0.0255319,0.909787,4,0,0.879574,0.178335,1,2.39951,0.42401,0.231129,1
0.25487,0.000324675,0.192208,0,0,0,0.0282468,0.524351,4,0,0.560065,0.0713691,1,1.59706,0.547441,0.180313,1
0.289507,0,0.194058,0,0,0,0.000632111,0.515803,4,0,0.5433,0.0697422,1,1.55441,0.552601,0.175812,1
0,0.00709516,0.0500835,0,0,0,0.0492487,0.893573,4,0,0.866444,0.175523,1,2.37161,0.429551,0.226894,1
0.000376506,0.192018,0.198042,0,0,0,0.0225904,0.586973,4,0,0.666792,0.0808939,1,1.85836,0.50939,0.203853,1
0.060428,0,0.0423836,0,0,0,0.000839278,0.896349,4,0,0.867814,0.176309,1,2.37397,0.426882,0.228055,1
0,0.00302229,0.0366453,0,0,0,0.127314,0.833018,3,0,0.761617,0.161616,1,2.12058,0.437816,0.206801,1
0.0934975,0,0.0338592,0,0,0,0.0500192,0.822624,4,0,0.741054,0.164103,1,2.05801,0.44562,0.210472,1
0.00669176,0,0.0464241,0,0,0,0.0434964,0.903388,4,0,0.87202,0.175824,1,2.38599,0.427312,0.227339,1
0.0576923,0.367666,0.170795,0,0,0,0.00325945,0.400587,4,0,0.551499,0.0716077,1,1.57175,0.545091,0.178393,1
0,0.00254994,0.040374,0,0,0,0.0492988,0.907777,4,0,0.897578,0.178149,1,2.4492,0.421248,0.230837,1
0,0,0.251467,0,0,0,0.257923,0.49061,3,0,0.525528,0.0656656,1,1.51947,0.569186,0.164313,1
0.00425203,0.00115964,0.0413607,0,0,0,0.124468,0.828759,4,0,0.79281,0.164736,1,2.19981,0.435114,0.211353,1
0,0.194717,0.198491,0,0,0,0.0226415,0.584151,4,0,0.669434,0.081047,1,1.86503,0.509198,0.204288,1
0.000423191,0,0.0402031,0,0,0,0.0495133,0.90986,4,0,0.888701,0.177531,1,2.42649,0.422099,0.229907,1
0.0195043,0,0.0373832,0,0,0,0.0723283,0.870784,4,0,0.763917,0.171697,1,2.10127,0.442097,0.221441,1
0,0.486911,0.16983,0,0,0,0.000327225,0.342932,4,0,0.554319,0.0721275,1,1.5787,0.544124,0.179067,1
0.0173103,0.421438,0.173768,0,0,0,0.00166445,0.385819,4,0,0.563249,0.0729078,1,1.6,0.53948,0.181859,1
0,0,0.0959577,0,0,0,0.144314,0.759728,4,0,0.740083,0.136364,1,2.06061,0.481271,0.207018,1
0,0.494627,0.169652,0,0,0,0.000325627,0.335396,4,0,0.550961,0.0715479,1,1.56988,0.544636,0.178222,1
0,0,0.153699,0,0,0,0.184745,0.661556,4,0,0.693369,0.107348,1,1.9262,0.492332,0.210089,1
0,0,0.0402031,0,0,0,0.0499365,0.90986,4,0,0.888701,0.177531,1,2.42649,0.421983,0.229907,1
0,0,0.256985,0,0,0,0.262224,0.480792,4,0,0.523865,0.0652009,1,1.51579,0.571056,0.163076,1
0,0.0050869,0.0402713,0,0,0,0.0491734,0.905468,4,0,0.900805,0.177778,1,2.45937,0.420833,0.230263,1
0.000718133,0,0.189587,0,0,0,0.206104,0.603591,4,0,0.609336,0.0783424,1,1.71113,0.521274,0.1978,1
0.288875,0,0.194058,0,0,0,0.000948167,0.516119,3,0,0.5433,0.0697422,1,1.55495,0.55251,0.17581,1
0.00669456,0,0.0464435,0,0,0,0.0435146,0.903347,4,0,0.871967,0.175885,1,2.38578,0.427345,0.22743,1
0.0194986,0.207173,0.211351,0,0,0,0.00905292,0.552925,4,0,0.597493,0.0757442,1,1.68523,0.529718,0.189495,1
0.113084,0,0.0374373,0,0,0,0.0243149,0.825164,4,0,0.732922,0.164524,1,2.03438,0.445051,0.211058,1
0,0,0.0402031,0,0,0,0.0499365,0.90986,4,0,0.889124,0.177531,1,2.42822,0.421983,0.229906,1
0,0.494466,0.169922,0,0,0,0.000325521,0.335286,4,0,0.550456,0.071528,1,1.56888,0.54467,0.178168,1
0,0.00041806,0.0468227,0,0,0,0.0501672,0.902592,4,0,0.876254,0.175764,1,2.39821,0.426937,0.227244,1
0.289415,0.000315956,0.194313,0,0,0,0.000631912,0.515324,3,0,0.543128,0.0697233,1,1.55399,0.552722,0.175757,1
0,0.494627,0.169652,0,0,0,0.000325627,0.335396,4,0,0.550961,0.0715479,1,1.56988,0.544636,0.178222,1
0,0.0831477,0.115442,0,0,0,0.0827765,0.718634,3,0,0.66778,0.124417,1,1.86501,0.482737,0.202476,1
0.0495356,0,0.0332817,0,0,0,0.0832043,0.833978,4,0,0.722136,0.164895,1,2.00322,0.446162,0.211602,1
0,0.162415,0.200503,0,0,0,0.0467122,0.59037,4,0,0.621991,0.0820218,1,1.74576,0.522397,0.195493,1
0.125677,0,0.037123,0,0,0,0.0119876,0.825213,4,0,0.725445,0.164789,1,2.01287,0.446304,0.211449,1
0,0,0.0468157,0,0,0,0.049768,0.903416,4,0,0.876002,0.17704,1,2.3935,0.426233,0.229181,1
0,0.494466,0.169922,0,0,0,0.000325521,0.335286,3,0,0.550456,0.071528,1,1.56888,0.54467,0.178168,1
0.00169563,0,0.0402713,0,0,0,0.0491734,0.90886,4,0,0.900805,0.177778,1,2.45937,0.420718,0.230263,1
0.28644,0.000317561,0.193077,0,0,0,0.00317561,0.51699,4,0,0.545888,0.0700272,1,1.56076,0.551589,0.176619,1
0,0.00605373,0.0370791,0,0,0,0.125993,0.830874,4,0,0.759364,0.16182,1,2.1141,0.438475,0.207106,1
0.00116324,0.00116324,0.039938,0,0,0,0.127569,0.830167,4,0,0.795269,0.165161,1,2.20516,0.434409,0.211973,1
0.284898,0,0.193211,0,0,0,0.00412437,0.517766,4,0,0.545685,0.0702423,1,1.56085,0.551774,0.176442,1
0,0.486911,0.16983,0,0,0,0.000327225,0.342932,4,0,0.554319,0.0721275,1,1.5787,0.544124,0.179067,1
0,0,0.256985,0,0,0,0.262224,0.480792,4,0,0.523865,0.0652009,1,1.51579,0.571056,0.163076,1
0.0608477,0,0.0423836,0,0,0,0.000419639,0.896349,4,0,0.867814,0.176309,1,2.37397,0.426997,0.228057,1
0.030303,0,0.0416667,0,0,0,0.0286195,0.899411,4,0,0.885101,0.176735,1,2.41974,0.423772,0.228702,1
0.289548,0.000315756,0.194506,0,0,0,0.000315756,0.515314,4,0,0.542785,0.0696855,1,1.55369,0.552784,0.17565,1
0,0,0.0373444,0,0,0,0.127122,0.835534,4,0,0.761977,0.161412,1,2.12295,0.437894,0.206501,1
0,0,0.0403397,0,0,0,0.0492569,0.910403,4,0,0.902335,0.178025,1,2.4628,0.420375,0.230647,1
0.141433,0,0.0387122,0,0,0,0.00114987,0.818704,4,0,0.717133,0.163578,1,1.99265,0.448456,0.209663,1
0,0.00169492,0.0402542,0,0,0,0.0495763,0.908475,4,0,0.886864,0.177716,1,2.42173,0.422307,0.230189,1
0.100226,0.154044,0.192394,0,0,0,0.0196584,0.533677,4,0,0.553335,0.0709161,1,1.57892,0.548289,0.176741,1
0.0210615,0,0.0400168,0,0,0,0.0299073,0.909014,4,0,0.875737,0.176857,1,2.39309,0.425101,0.228886,1
0.0606749,0.368916,0.171642,0,0,0,0.000324465,0.398443,4,0,0.549968,0.0713294,1,1.56786,0.545749,0.177624,1
0.000377644,0.00339879,0.0370091,0,0,0,0.125755,0.833459,4,0,0.761707,0.161565,1,2.12149,0.438098,0.20673,1
0,0.241988,0.156284,0,0,0,0.0507742,0.550954,4,0,0.633417,0.0924803,1,1.77774,0.514049,0.196091,1
0,0,0.0402202,0,0,0,0.0495343,0.910246,4,0,0.899238,0.177593,1,2.45543,0.420858,0.229993,1
0,0.494466,0.169922,0,0,0,0.000325521,0.335286,4,0,0.550456,0.071528,1,1.56888,0.54467,0.178168,1
0,0,0.0464435,0,0,0,0.0502092,0.903347,4,0,0.87364,0.175885,1,2.39024,0.427001,0.22743,1
0,0.16804,0.265239,0,0,0,0.123558,0.443163,4,0,0.589456,0.0722722,1,1.67688,0.423861,0.180461,1
0,0.494627,0.169652,0,0,0,0.000325627,0.335396,4,0,0.550961,0.0715479,1,1.56988,0.544636,0.178222,1
0.141433,0,0.0390954,0,0,0,0.000383289,0.819088,4,0,0.717133,0.163578,1,1.99265,0.448456,0.209661,1
0,0,0.206142,0,0,0,0.211084,0.582774,3,0,0.603247,0.0772212,1,1.69797,0.525343,0.194682,1
0,0.0184719,0.0533165,0,0,0,0.0453401,0.882872,4,0,0.883711,0.170858,1,2.41647,0.427374,0.228017,1
0.289415,0.000315956,0.194313,0,0,0,0.000631912,0.515324,3,0,0.543128,0.0697233,1,1.55399,0.552722,0.175757,1
0.000423191,0.00253915,0.0402031,0,0,0,0.0490901,0.907744,4,0,0.887854,0.177531,1,2.42476,0.422215,0.229908,1
0.00670297,0,0.0465019,0,0,0,0.0427315,0.904064,4,0,0.868454,0.176066,1,2.37586,0.428015,0.227709,1
0,0,0.188291,0,0,0,0.208529,0.60318,4,0,0.614745,0.0787713,1,1.72445,0.520276,0.199044,1
0,0.487247,0.170373,0,0,0,0.000327011,0.342054,4,0,0.553957,0.0718078,1,1.57726,0.544379,0.178951,1
0.289507,0,0.193742,0,0,0,0.000316056,0.516435,4,0,0.5433,0.0700136,1,1.55468,0.55242,0.175805,1
0,0,0.0395349,0,0,0,0.129457,0.831008,4,0,0.788372,0.165108,1,2.18671,0.434913,0.211899,1
0,0.0184719,0.0533165,0,0,0,0.0453401,0.882872,4,0,0.883711,0.170858,1,2.41647,0.427374,0.228017,1
0.23087,0.000654022,0.169719,0,0,0,0.0650752,0.533682,4,0,0.552649,0.0718078,1,1.5739,0.408634,0.181497,1
0,0,0.0435702,0,0,0,0.0494924,0.906937,4,0,0.883249,0.17747,1,2.41282,0.42357,0.229822,1
0,0.49398,0.170192,0,0,0,0.000976245,0.334852,4,0,0.550277,0.0715081,1,1.56845,0.545075,0.178112,1
0.0557276,0,0.0325077,0,0,0,0.0801084,0.831656,3,0,0.721749,0.164895,1,2.00225,0.445947,0.211606,1
0.141871,0,0.038727,0,0,0,0.000383436,0.819018,3,0,0.717408,0.163631,1,1.99265,0.448386,0.209738,1
0,0.494466,0.169922,0,0,0,0.000325521,0.335286,4,0,0.550456,0.071528,1,1.56888,0.54467,0.178168,1
0,0.494305,0.170192,0,0,0,0.000325415,0.335177,3,0,0.550277,0.0715081,1,1.56845,0.544704,0.178115,1
0,0.0075662,0.0403531,0,0,0,0.0491803,0.9029,4,0,0.886927,0.176552,1,2.42552,0.423678,0.228421,1
0.0530716,0.185387,0.195929,0,0,0,0.000727008,0.564885,4,0,0.632134,0.0785452,1,1.7717,0.517217,0.197213,1
0,0,0.0436071,0,0,0,0.050381,0.906012,4,0,0.859865,0.177593,1,2.3486,0.431379,0.230021,1
0,0.494627,0.169652,0,0,0,0.000325627,0.335396,3,0,0.550961,0.0715479,1,1.56988,0.544636,0.178222,1
0.12051,0,0.03399,0,0,0,0.0227887,0.822711,4,0,0.724604,0.16463,1,2.01029,0.448339,0.211251,1
0.0608477,0,0.0423836,0,0,0,0.000419639,0.896349,4,0,0.867814,0.176309,1,2.37397,0.426997,0.228057,1
0,0.137227,0.183673,0,0,0,0.142505,0.536594,4,0,0.600633,0.0764199,1,1.69224,0.396521,0.193177,1
0,0.000416667,0.05,0,0,0,0.05,0.899583,4,0,0.869583,0.175282,1,2.38138,0.428849,0.226527,1
0.28964,0,0.194251,0,0,0,0.000315856,0.515793,4,0,0.542956,0.0697044,1,1.55438,0.552662,0.175704,1
0,0,0.219848,0,0,0,0.216588,0.563564,4,0,0.650851,0.0786106,1,1.8248,0.517571,0.199451,1
0,0.494627,0.169652,0,0,0,0.000325627,0.335396,3,0,0.550961,0.0715479,1,1.56988,0.544636,0.178222,1
0,0,0.0585329,0,0,0,0.120867,0.820601,3,0,0.711517,0.152284,1,1.97938,0.452411,0.208122,1
0.137028,0,0.0377213,0,0,0,0.00384911,0.821401,4,0,0.719784,0.164155,1,1.99872,0.447579,0.210515,1
0.0612416,0,0.0423658,0,0,0,0.000419463,0.895973,4,0,0.867869,0.176248,1,2.37349,0.426965,0.227963,1
0,0.324334,0.180339,0,0,0,0.0328833,0.462444,4,0,0.589131,0.0753666,1,1.66334,0.53304,0.188613,1
0.000846382,0,0.0402031,0,0,0,0.0490901,0.90986,4,0,0.889124,0.177531,1,2.42822,0.421983,0.229906,1
0.286531,0,0.192821,0,0,0,0.00317662,0.517471,4,0,0.546061,0.0700463,1,1.56146,0.551467,0.176675,1
0,0.105845,0.133096,0,0,0,0.0236967,0.737362,4,0,0.774487,0.127088,1,2.14117,0.469156,0.214336,1
0.00151515,0,0.0371212,0,0,0,0.125379,0.835985,4,0,0.76553,0.161974,1,2.13097,0.437309,0.207321,1
0.128945,0,0.0365666,0,0,0,0.0100077,0.82448,3,0,0.7194,0.164155,1,1.99711,0.447472,0.210514,1
0,0,0.040592,0,0,0,0.0498943,0.909514,4,0,0.887526,0.177408,1,2.42377,0.422153,0.229718,1
0,0.0436573,0.0786656,0,0,0,0.0378913,0.839786,4,0,0.839374,0.157341,1,2.30315,0.441506,0.223669,1
0,0.194959,0.192735,0,0,0,0.0337287,0.578577,4,0,0.646405,0.0798385,1,1.80584,0.513306,0.200879,1
0.011031,0,0.0403055,0,0,0,0.0390327,0.909631,4,0,0.885023,0.177901,1,2.41626,0.422747,0.230467,1
0,0.494792,0.169596,0,0,0,0.000325521,0.335286,4,0,0.550781,0.0718063,1,1.57,0.544577,0.178172,1
0,0,0.0343232,0,0,0,0.12958,0.836097,4,0,0.752796,0.164419,1,2.08895,0.441019,0.210887,1
0.00188679,0,0.0369811,0,0,0,0.125283,0.835849,4,0,0.762264,0.161463,1,2.12299,0.437822,0.206577,1
0.000325521,0.494466,0.169271,0,0,0,0.000325521,0.335612,4,0,0.550781,0.0720846,1,1.56944,0.544392,0.178177,1
0,0.00127334,0.0403226,0,0,0,0.049236,0.909168,4,0,0.901952,0.177963,1,2.46194,0.420693,0.230551,1
0.00103306,0,0.186295,0,0,0,0.089876,0.722796,4,0,0.596763,0.0753285,1,1.68672,0.515523,0.190391,1
0,0.494627,0.169652,0,0,0,0.000325627,0.335396,4,0,0.550961,0.0715479,1,1.56988,0.544636,0.178222,1
0,0.494141,0.170247,0,0,0,0.000325521,0.335286,4,0,0.550456,0.071528,1,1.56833,0.545041,0.178164,1
0.289548,0.000315756,0.194506,0,0,0,0.000315756,0.515314,3,0,0.542785,0.0696855,1,1.55369,0.552784,0.17565,1
0.000387297,0,0.0410534,0,0,0,0.121611,0.836948,4,0,0.792409,0.165002,1,2.1982,0.434633,0.211735,1
0,0,0.0427061,0,0,0,0.0490486,0.908245,4,0,0.883721,0.177408,1,2.41337,0.423308,0.22972,1
0.000651254,0.491697,0.170628,0,0,0,0.000325627,0.336698,3,0,0.550635,0.0715479,1,1.56904,0.545286,0.178218,1
0,0,0.227493,0,0,0,0.235237,0.53727,4,0,0.574056,0.0712707,1,1.63785,0.546777,0.179307,1
0,0,0.128034,0,0,0,0.158183,0.713782,4,0,0.68794,0.115122,1,1.90439,0.489431,0.214251,1
0,0.215034,0.194839,0,0,0,0.0224383,0.567689,4,0,0.659686,0.0804382,1,1.84038,0.511215,0.202594,1
0.255437,0.00194742,0.191821,0,0,0,0.0272639,0.523531,4,0,0.559883,0.0713492,1,1.59606,0.410744,0.180253,1
0,0,0.0379404,0,0,0,0.121951,0.840108,4,0,0.803717,0.164948,1,2.2297,0.431379,0.211644,1
0,0.0898251,0.126789,0,0,0,0.0238474,0.759539,4,0,0.781399,0.131709,1,2.15739,0.465152,0.215742,1
0.0386392,0,0.0424192,0,0,0,0.0218396,0.897102,4,0,0.881142,0.17643,1,2.40937,0.42465,0.228241,1
0.00947701,0.285012,0.183924,0,0,0,0.027027,0.494559,4,0,0.594595,0.0765579,1,1.67507,0.531355,0.191048,1
0,0,0.0403912,0,0,0,0.0497449,0.909864,4,0,0.897959,0.178211,1,2.45005,0.420931,0.230933,1
0,0.494627,0.169652,0,0,0,0.000325627,0.335396,4,0,0.550961,0.0715479,1,1.56988,0.544636,0.178222,1
0.00930954,0.16059,0.16602,0,0,0,0.0232739,0.640807,4,0,0.704034,0.0987415,1,1.95192,0.493815,0.210055,1
0.113084,0,0.0374373,0,0,0,0.0243149,0.825164,4,0,0.732922,0.164524,1,2.03438,0.445051,0.211058,1
0,0,0.0444359,0,0,0,0.139104,0.816461,4,0,0.751159,0.159537,1,2.08363,0.446875,0.211345,1
0.00381356,0.00169492,0.0402542,0,0,0,0.0457627,0.908475,4,0,0.886864,0.177716,1,2.42173,0.422423,0.230189,1
0.0224877,0,0.201687,0,0,0,0.200984,0.574842,3,0,0.600141,0.0763291,1,1.69053,0.526879,0.193863,1
0,0,0.0402202,0,0,0,0.0499577,0.909822,4,0,0.893311,0.177593,1,2.43982,0.421898,0.229999,1
0.000324044,0.339274,0.193454,0,0,0,0.0278678,0.43908,4,0,0.5593,0.0712503,1,1.59468,0.549302,0.17748,1
0,0,0.189896,0,0,0,0.205661,0.604443,4,0,0.606234,0.0782005,1,1.7032,0.522041,0.197422,1
0.00679983,0.000849979,0.040374,0,0,0,0.0429239,0.909052,4,0,0.882703,0.178149,1,2.40849,0.423452,0.230846,1
0.115785,0,0.047858,0,0,0,0.0250868,0.81127,4,0,0.722115,0.159383,1,2.00353,0.450621,0.211106,1
0,0.494466,0.169922,0,0,0,0.000325521,0.335286,4,0,0.550456,0.071528,1,1.56888,0.54467,0.178168,1
0,0,0.0524769,0,0,0,0.0457599,0.901763,4,0,0.852225,0.170858,1,2.33069,0.431967,0.228244,1
0.030326,0,0.111827,0,0,0,0.1558,0.702047,4,0,0.671721,0.117126,1,1.86926,0.485808,0.207892,1
0,0.0998385,0.175444,0,0,0,0.151535,0.573183,3,0,0.548304,0.071073,1,1.56444,0.410053,0.178017,1
0,0.494298,0.169436,0,0,0,0.000325839,0.33594,4,0,0.550994,0.0715877,1,1.57019,0.544661,0.17833,1
0.00188679,0,0.0369811,0,0,0,0.125283,0.835849,3,0,0.762264,0.161463,1,2.12299,0.437822,0.206577,1
0.141433,0,0.0390954,0,0,0,0.000383289,0.819088,4,0,0.717133,0.163578,1,1.99265,0.448456,0.209661,1
0,0.208892,0.212068,0,0,0,0.0201129,0.558927,4,0,0.606916,0.0766021,1,1.70879,0.527968,0.191885,1
0,0.494627,0.169652,0,0,0,0.000325627,0.335396,4,0,0.550961,0.0715479,1,1.56988,0.544636,0.178222,1
0,0.494302,0.169326,0,0,0,0.000651254,0.335721,4,0,0.550961,0.0715479,1,1.5696,0.544729,0.178223,1
0.0106112,0,0.0403226,0,0,0,0.0390492,0.910017,4,0,0.885399,0.177963,1,2.41675,0.422778,0.230563,1
0.0960716,0,0.0365616,0,0,0,0.0361727,0.831194,4,0,0.738623,0.165589,1,2.04657,0.443402,0.212621,1
0,0.320681,0.188719,0,0,0,0.0099326,0.480667,4,0,0.620433,0.0772455,1,1.74491,0.526547,0.192948,1
0,0.458375,0.172471,0,0,0,0.00331675,0.365837,4,0,0.564511,0.072681,1,1.60436,0.540535,0.181275,1
0.0259048,0,0.0358095,0,0,0,0.102095,0.83619,3,0,0.754667,0.162746,1,2.09854,0.439182,0.20845,1
0.0600336,0,0.0424013,0,0,0,0.000839631,0.896725,4,0,0.868178,0.176369,1,2.37478,0.426915,0.228149,1
0,0.000589102,0.250957,0,0,0,0.25891,0.489543,4,0,0.527541,0.0658836,1,1.524,0.568693,0.164896,1
0.0238602,0,0.0404772,0,0,0,0.0255646,0.910098,4,0,0.880273,0.178522,1,2.40132,0.423756,0.231413,1
0,0.493169,0.170137,0,0,0,0.00162655,0.335068,4,0,0.550423,0.0714882,1,1.56857,0.545016,0.178068,1
0,0.0985748,0.126683,0,0,0,0.023753,0.75099,4,0,0.782264,0.131277,1,2.16147,0.465704,0.214917,1
0.129144,0.000315756,0.194506,0,0,0,0.000315756,0.675718,4,0,0.542785,0.0696855,1,1.55342,0.529826,0.17565,1
0.0364465,0,0.0493546,0,0,0,0.0839028,0.830296,4,0,0.734244,0.162282,1,2.04311,0.448072,0.207791,1
0,0.49365,0.169652,0,0,0,0.000651254,0.336047,3,0,0.550961,0.0718263,1,1.56988,0.544729,0.178225,1
0,0,0.04046,0,0,0,0.0494037,0.910136,4,0,0.89523,0.178459,1,2.44197,0.421285,0.231318,1
0,0,0.0410148,0,0,0,0.0498943,0.909091,4,0,0.887104,0.177408,1,2.42308,0.422268,0.22972,1
0.0314508,0.345959,0.183294,0,0,0,0.000338181,0.438958,3,0,0.573554,0.073893,1,1.62565,0.536515,0.184502,1
0.0386392,0,0.0424192,0,0,0,0.0218396,0.897102,4,0,0.881142,0.17643,1,2.40937,0.42465,0.228241,1
0,0.00298063,0.170268,0,0,0,0.19225,0.634501,4,0,0.64158,0.0904836,1,1.79033,0.510036,0.204715,1
0,0.215034,0.194839,0,0,0,0.0224383,0.567689,4,0,0.659686,0.0804382,1,1.84038,0.511215,0.202594,1
0.229396,0.000324465,0.171966,0,0,0,0.0645685,0.533744,3,0,0.549319,0.0713294,1,1.56619,0.545749,0.180145,1
0,0,0.0410217,0,0,0,0.122291,0.836687,4,0,0.793344,0.164895,1,2.20032,0.434568,0.211576,1
0,0.0890656,0.126839,0,0,0,0.0238569,0.760239,4,0,0.781312,0.131752,1,2.15777,0.464866,0.215827,1
0,0.494305,0.169541,0,0,0,0.000976245,0.335177,4,0,0.550277,0.0717863,1,1.56845,0.544797,0.178116,1
0.0177638,0.206897,0.208638,0,0,0,0.0125392,0.554162,3,0,0.597353,0.0760613,1,1.68544,0.529088,0.18956,1
0.0612416,0,0.0423658,0,0,0,0.000419463,0.895973,4,0,0.867869,0.176248,1,2.37349,0.426965,0.227963,1
0,0.494466,0.169922,0,0,0,0.000325521,0.335286,4,0,0.550456,0.071528,1,1.56888,0.54467,0.178168,1
0,0.0469432,0.19032,0,0,0,0.161572,0.601164,4,0,0.623362,0.0789232,1,1.74671,0.518303,0.199607,1
0.125115,0.287948,0.230911,0,0,0,0.0153327,0.340693,4,0,0.542472,0.0679535,1,1.55923,0.433964,0.168895,1
0,0,0.0398926,0,0,0,0.124281,0.835827,4,0,0.740315,0.163683,1,2.05627,0.444054,0.209831,1
0,0.0184641,0.0532942,0,0,0,0.045321,0.882921,4,0,0.869912,0.170799,1,2.37982,0.428834,0.227946,1
0.128716,0,0.193865,0,0,0,0.000316256,0.677103,3,0,0.543643,0.0700516,1,1.55553,0.529279,0.175913,1
0.0600336,0,0.0424013,0,0,0,0.000839631,0.896725,4,0,0.868178,0.176369,1,2.37478,0.426915,0.228149,1
0,0.333654,0.194926,0,0,0,0.0285806,0.442839,4,0,0.55106,0.0707015,1,1.57359,0.550481,0.175961,1
0,0,0.167573,0,0,0,0.199129,0.633297,3,0,0.631483,0.0933496,1,1.77059,0.508949,0.199588,1
0,0.113828,0.123447,0,0,0,0.0472946,0.715431,4,0,0.755511,0.122679,1,2.08322,0.472149,0.217174,1
0,0,0.0415028,0,0,0,0.0249017,0.933595,4,0,0.832678,0.182206,1,2.26121,0.435469,0.236983,1
0,0.49365,0.169652,0,0,0,0.000651254,0.336047,4,0,0.550961,0.0718263,1,1.56988,0.544729,0.178225,1
0,0,0.0876414,0,0,0,0.0868336,0.825525,4,0,0.788368,0.149483,1,2.17084,0.457235,0.220253,1
0.141596,0,0.038373,0,0,0,0.00076746,0.819263,4,0,0.717575,0.163735,1,1.99296,0.44846,0.209894,1
0,0.494627,0.169652,0,0,0,0.000325627,0.335396,3,0,0.550961,0.0715479,1,1.56988,0.544636,0.178222,1
0,0.421278,0.171937,0,0,0,0.0230567,0.383729,4,0,0.556653,0.0722519,1,1.58336,0.543904,0.180158,1
0.0106112,0,0.0403226,0,0,0,0.0390492,0.910017,4,0,0.885399,0.177963,1,2.41675,0.422778,0.230563,1
0.00782269,0,0.0412864,0,0,0,0.0212951,0.929596,4,0,0.834854,0.181432,1,2.2686,0.434562,0.235805,1
0,0.208099,0.212324,0,0,0,0.0204225,0.559155,4,0,0.604577,0.0764653,1,1.70247,0.528216,0.1915,1
0,0.486743,0.169885,0,0,0,0.000327332,0.343044,4,0,0.554173,0.0721477,1,1.5783,0.544277,0.179121,1
0.000846382,0,0.0402031,0,0,0,0.0490901,0.90986,4,0,0.889124,0.177531,1,2.42822,0.421983,0.229906,1
0.0259388,0.00309717,0.0305846,0,0,0,0.113821,0.826558,4,0,0.75571,0.164948,1,2.09633,0.439648,0.211662,1
0.0126712,0.382534,0.180479,0,0,0,0.000342466,0.423973,4,0,0.590411,0.0746876,1,1.67015,0.532597,0.186697,1
0,0.49349,0.169596,0,0,0,0.00130208,0.335612,4,0,0.55013,0.071528,1,1.56805,0.545041,0.178171,1
0.000359583,0,0.188421,0,0,0,0.205681,0.605538,3,0,0.609133,0.0778316,1,1.70957,0.5213,0.198106,1
0.00339847,0,0.0403568,0,0,0,0.0458794,0.910365,4,0,0.90017,0.178087,1,2.4567,0.420754,0.230742,1
0,0,0.216949,0,0,0,0.240678,0.542373,3,0,0.53775,0.0685077,1,1.54461,0.558329,0.171894,1
0.0106112,0,0.0403226,0,0,0,0.0390492,0.910017,4,0,0.885399,0.177963,1,2.41675,0.422778,0.230563,1
0,0.491365,0.169762,0,0,0,0.0016292,0.337243,4,0,0.550668,0.0715877,1,1.5688,0.54494,0.178333,1
0.0574485,0.111727,0.123217,0,0,0,0.000396197,0.707211,4,0,0.744849,0.122167,1,2.05747,0.474658,0.214786,1
0.000287687,0,0.266398,0,0,0,0.0195627,0.713751,4,0,0.521289,0.0642982,1,1.51063,0.553081,0.161371,1
0.00342818,0.000342818,0.18615,0,0,0,0.0887899,0.721289,4,0,0.592389,0.0750436,1,1.67568,0.515998,0.189605,1
0,0.0638941,0.0918715,0,0,0,0.0964083,0.747826,4,0,0.69603,0.13645,1,1.93841,0.469994,0.206301,1
0.0600336,0,0.0424013,0,0,0,0.000839631,0.896725,4,0,0.868178,0.176369,1,2.37478,0.426915,0.228149,1
0,0.127458,0.158048,0,0,0,0.0630007,0.651493,4,0,0.659869,0.103153,1,1.84818,0.500357,0.198354,1
0,0,0.171844,0,0,0,0.106081,0.722075,4,0,0.559154,0.0727375,1,1.59036,0.519312,0.183309,1
0,0.49398,0.170192,0,0,0,0.000976245,0.334852,4,0,0.550277,0.0715081,1,1.56817,0.545075,0.178112,1
0.039458,0.112395,0.118374,0,0,0,0.0175369,0.712236,4,0,0.747708,0.122772,1,2.0637,0.473487,0.216023,1
0,0.000358423,0.187097,0,0,0,0.200717,0.611828,4,0,0.606452,0.0779221,1,1.70341,0.390818,0.197512,1
0.000381679,0.0389313,0.0755725,0,0,0,0.107634,0.777481,4,0,0.758397,0.147724,1,2.10888,0.452191,0.208421,1
0.0214827,0,0.0400168,0,0,0,0.0294861,0.909014,4,0,0.875737,0.176857,1,2.39309,0.424986,0.228886,1
0.0600336,0,0.0424013,0,0,0,0.000839631,0.896725,4,0,0.868178,0.176369,1,2.37444,0.426915,0.228149,1
